# column1  
#           x                    probability
1.144295145000000069e+00 9.717899106827964555e-04
1.154585434999999993e+00 0.000000000000000000e+00
1.164875725000000140e+00 0.000000000000000000e+00
1.175166015000000064e+00 0.000000000000000000e+00
1.185456305000000210e+00 0.000000000000000000e+00
1.195746595000000134e+00 0.000000000000000000e+00
1.206036885000000058e+00 9.717899106827964555e-04
1.216327174999999983e+00 0.000000000000000000e+00
1.226617465000000129e+00 9.717899106827964555e-04
1.236907755000000053e+00 9.717899106827964555e-04
1.247198045000000199e+00 9.717899106827755304e-04
1.257488335000000124e+00 1.943579821365592911e-03
1.267778625000000048e+00 0.000000000000000000e+00
1.278068914999999972e+00 1.943579821365551061e-03
1.288359205000000118e+00 9.717899106827964555e-04
1.298649495000000043e+00 1.943579821365592911e-03
1.308939785000000189e+00 1.943579821365551061e-03
1.319230075000000113e+00 1.943579821365592911e-03
1.329520365000000037e+00 9.717899106827964555e-04
1.339810654999999961e+00 2.915369732048326157e-03
1.350100945000000108e+00 4.858949553413982603e-03
1.360391235000000032e+00 2.915369732048389475e-03
1.370681525000000178e+00 4.858949553413877652e-03
1.380971815000000102e+00 1.943579821365592911e-03
1.391262105000000027e+00 8.746109196144978906e-03
1.401552395000000173e+00 3.887159642731185822e-03
1.411842685000000097e+00 3.887159642731185822e-03
1.422132975000000021e+00 3.887159642731185822e-03
1.432423265000000168e+00 4.858949553413877652e-03
1.442713555000000092e+00 3.887159642731185822e-03
1.453003845000000016e+00 9.717899106827755304e-04
1.463294135000000162e+00 2.915369732048389475e-03
1.473584425000000087e+00 3.887159642731185822e-03
1.483874715000000011e+00 9.717899106827964555e-04
1.494165005000000157e+00 1.943579821365551061e-03
1.504455295000000081e+00 0.000000000000000000e+00
1.514745585000000005e+00 3.887159642731102122e-03
1.525035875000000152e+00 6.802529374779575297e-03
1.535326165000000076e+00 3.887159642731185822e-03
1.545616455000000000e+00 5.830739464096778950e-03
1.555906745000000146e+00 1.943579821365551061e-03
1.566197035000000071e+00 0.000000000000000000e+00
1.576487324999999995e+00 9.717899106827755304e-04
1.586777615000000141e+00 9.717899106827964555e-04
1.597067905000000065e+00 2.915369732048389475e-03
1.607358194999999990e+00 2.915369732048389475e-03
1.617648485000000136e+00 1.943579821365551061e-03
1.627938775000000060e+00 1.943579821365592911e-03
1.638229064999999984e+00 9.717899106827755304e-04
1.648519355000000131e+00 9.717899106827964555e-04
1.658809645000000055e+00 9.717899106827964555e-04
1.669099934999999979e+00 1.943579821365592911e-03
1.679390225000000125e+00 9.717899106827755304e-04
1.689680515000000049e+00 2.915369732048389475e-03
1.699970804999999974e+00 0.000000000000000000e+00
1.710261095000000120e+00 7.774319285462371644e-03
1.720551385000000044e+00 2.915369732048389475e-03
1.730841674999999968e+00 1.943579821365592911e-03
1.741131965000000115e+00 2.915369732048326157e-03
1.751422255000000039e+00 9.717899106827964555e-04
1.761712544999999963e+00 9.717899106827755304e-04
1.772002835000000109e+00 1.943579821365592911e-03
1.782293125000000034e+00 1.943579821365592911e-03
1.792583414999999958e+00 3.887159642731185822e-03
1.802873705000000104e+00 9.717899106827755304e-04
1.813163995000000028e+00 3.887159642731185822e-03
1.823454284999999953e+00 2.915369732048326157e-03
1.833744575000000099e+00 2.915369732048389475e-03
1.844034865000000023e+00 2.915369732048389475e-03
1.854325154999999947e+00 0.000000000000000000e+00
1.864615445000000094e+00 9.717899106827755304e-04
1.874905735000000018e+00 0.000000000000000000e+00
1.885196024999999942e+00 9.717899106827755304e-04
1.895486315000000088e+00 9.717899106827964555e-04
1.905776605000000012e+00 0.000000000000000000e+00
1.916066894999999937e+00 1.943579821365592911e-03
1.926357185000000083e+00 9.717899106827755304e-04
1.936647475000000007e+00 1.943579821365592911e-03
1.946937764999999931e+00 0.000000000000000000e+00
1.957228055000000078e+00 3.887159642731185822e-03
1.967518345000000002e+00 9.717899106827964555e-04
1.977808634999999926e+00 1.943579821365592911e-03
1.988098925000000072e+00 3.887159642731102122e-03
1.998389214999999997e+00 3.887159642731269956e-03
2.008679504999999921e+00 4.858949553413772701e-03
2.018969795000000289e+00 2.915369732048389475e-03
2.029260084999999769e+00 2.915369732048389475e-03
2.039550375000000138e+00 3.887159642731185822e-03
2.049840664999999618e+00 6.802529374779575297e-03
2.060130954999999986e+00 7.774319285462035975e-03
2.070421245000000354e+00 6.802529374779575297e-03
2.080711534999999834e+00 1.943579821365592911e-03
2.091001825000000203e+00 2.915369732048389475e-03
2.101292114999999683e+00 9.717899106827964555e-04
2.111582405000000051e+00 9.717899106827545402e-03
2.121872694999999975e+00 2.915369732048515242e-03
2.132162984999999900e+00 7.774319285462035975e-03
2.142453275000000268e+00 5.830739464096778950e-03
2.152743564999999748e+00 7.774319285462371644e-03
2.163033855000000116e+00 3.887159642731017987e-03
2.173324145000000041e+00 5.830739464097030485e-03
2.183614434999999965e+00 1.263326883887580868e-02
2.193904725000000333e+00 7.774319285462371644e-03
2.204195014999999813e+00 1.652042848160753877e-02
2.214485305000000182e+00 8.746109196145167991e-03
2.224775594999999662e+00 1.263326883887635338e-02
2.235065885000000030e+00 1.263326883887580868e-02
2.245356174999999954e+00 1.166147892819406097e-02
2.255646464999999878e+00 1.457684866024131637e-02
2.265936755000000247e+00 1.457684866024194607e-02
2.276227044999999727e+00 1.360505874955915059e-02
2.286517335000000095e+00 1.263326883887580868e-02
2.296807625000000019e+00 1.166147892819406097e-02
2.307097914999999944e+00 1.360505874955856426e-02
2.317388205000000312e+00 2.429474776706991301e-02
2.327678494999999792e+00 1.554863857092474329e-02
2.337968785000000160e+00 2.137937803502152137e-02
2.348259074999999640e+00 5.830739464096778950e-03
2.358549365000000009e+00 1.749221839228957964e-02
2.368839654999999933e+00 2.332295785638812194e-02
2.379129944999999857e+00 2.137937803502059850e-02
2.389420235000000226e+00 2.526653767775270676e-02
2.399710524999999706e+00 1.943579821365593041e-02
2.410000815000000074e+00 2.429474776706886177e-02
2.420291104999999998e+00 2.818190740980231618e-02
2.430581394999999922e+00 1.554863857092407195e-02
2.440871685000000291e+00 2.137937803502152137e-02
2.451161974999999771e+00 1.457684866024194607e-02
2.461452265000000139e+00 1.846400830297313320e-02
2.471742554999999619e+00 1.652042848160753877e-02
2.482032844999999988e+00 2.137937803502059850e-02
2.492323134999999912e+00 1.749221839229108885e-02
2.502613424999999836e+00 2.429474776706886177e-02
2.512903715000000204e+00 2.332295785638711580e-02
2.523194004999999684e+00 1.943579821365593041e-02
2.533484295000000053e+00 2.332295785638610966e-02
2.543774584999999977e+00 1.749221839229108885e-02
2.554064874999999901e+00 2.235116794570335408e-02
2.564355165000000270e+00 2.040758812433872763e-02
2.574645454999999750e+00 2.623832758843550397e-02
2.584935745000000118e+00 1.457684866024194607e-02
2.595226034999999598e+00 1.554863857092474329e-02
2.605516324999999966e+00 1.749221839228957964e-02
2.615806614999999891e+00 2.137937803502244771e-02
2.626096904999999815e+00 1.360505874955856426e-02
2.636387195000000183e+00 1.457684866024194607e-02
2.646677484999999663e+00 1.360505874955915059e-02
2.656967775000000032e+00 1.554863857092407195e-02
2.667258064999999956e+00 1.749221839229108885e-02
2.677548354999999880e+00 1.749221839228957964e-02
2.687838645000000248e+00 1.846400830297313320e-02
2.698128934999999728e+00 1.360505874955915059e-02
2.708419225000000097e+00 2.429474776706991301e-02
2.718709514999999577e+00 1.943579821365593041e-02
2.728999804999999945e+00 1.846400830297233522e-02
2.739290094999999869e+00 1.652042848160825347e-02
2.749580384999999794e+00 9.717899106827545402e-03
2.759870675000000162e+00 1.554863857092474329e-02
2.770160964999999642e+00 1.846400830297313320e-02
2.780451255000000010e+00 1.846400830297233522e-02
2.790741544999999935e+00 1.457684866024257578e-02
2.801031834999999859e+00 2.137937803502059850e-02
2.811322125000000227e+00 1.360505874955915059e-02
2.821612414999999707e+00 1.943579821365593041e-02
2.831902705000000076e+00 1.554863857092474329e-02
2.842192994999999556e+00 2.721011749911830119e-02
2.852483284999999924e+00 1.943579821365509080e-02
2.862773574999999848e+00 1.943579821365676655e-02
2.873063864999999772e+00 2.429474776706886177e-02
2.883354155000000141e+00 1.943579821365593041e-02
2.893644444999999621e+00 1.943579821365593041e-02
2.903934734999999989e+00 2.332295785638610966e-02
2.914225024999999913e+00 1.457684866024257578e-02
2.924515314999999838e+00 2.721011749911712851e-02
2.934805605000000206e+00 2.526653767775270676e-02
2.945095894999999686e+00 1.943579821365593041e-02
2.955386185000000054e+00 2.915369732048389215e-02
2.965676474999999535e+00 2.137937803502152137e-02
2.975966764999999903e+00 2.429474776706886177e-02
2.986257054999999827e+00 2.235116794570528309e-02
2.996547344999999751e+00 3.401264687389640717e-02
3.006837635000000120e+00 2.040758812433872763e-02
3.017127924999999600e+00 3.206906705253228379e-02
3.027418214999999968e+00 2.818190740979988410e-02
3.037708504999999892e+00 2.526653767775379963e-02
3.047998794999999816e+00 2.721011749911712851e-02
3.058289085000000185e+00 2.235116794570431858e-02
3.068579374999999665e+00 3.789980651662906708e-02
3.078869665000000033e+00 3.789980651662906708e-02
3.089159954999999513e+00 3.012548723116668936e-02
3.099450244999999882e+00 2.721011749911712851e-02
3.109740534999999806e+00 2.332295785638812194e-02
3.120030824999999730e+00 4.761770562345496449e-02
3.130321115000000098e+00 2.235116794570431858e-02
3.140611404999999579e+00 3.109727714184948658e-02
3.150901694999999947e+00 3.692801660594467045e-02
3.161191984999999871e+00 4.373054598072773080e-02
3.171482274999999795e+00 2.429474776706886177e-02
3.181772564999999720e+00 4.470233589141056618e-02
3.192062854999999644e+00 3.692801660594467045e-02
3.202353145000000012e+00 3.498443678457915929e-02
3.212643434999999936e+00 1.039815204430637047e-01
3.222933724999999860e+00 4.761770562345496449e-02
3.233224014999999785e+00 4.178696615936205311e-02
3.243514304999999709e+00 1.593735453519717349e-01
3.253804595000000077e+00 3.887159642731018161e-02
3.264094885000000001e+00 3.692801660594786234e-02
3.274385174999999926e+00 3.304085696321365506e-02
3.284675464999999850e+00 1.039815204430637047e-01
3.294965754999999774e+00 4.470233589140670816e-02
3.305256044999999698e+00 4.761770562345907926e-02
3.315546334999999623e+00 4.956128544482047565e-02
3.325836624999999991e+00 3.692801660594467045e-02
3.336126914999999915e+00 5.927918455165314543e-02
3.346417204999999839e+00 4.470233589140670816e-02
3.356707494999999764e+00 4.178696615936205311e-02
3.366997784999999688e+00 5.539202490891700914e-02
3.377288075000000056e+00 5.150486526618598682e-02
3.387578364999999980e+00 5.053307535550759927e-02
3.397868654999999904e+00 4.178696615935844488e-02
3.408158944999999829e+00 4.567412580209340156e-02
3.418449234999999753e+00 1.185583691032960491e-01
3.428739524999999677e+00 4.956128544482476389e-02
3.439029814999999601e+00 5.150486526618598682e-02
3.449320104999999970e+00 4.373054598072395605e-02
3.459610394999999894e+00 5.150486526619043465e-02
3.469900684999999818e+00 4.373054598072395605e-02
3.480190974999999742e+00 5.830739464097030311e-02
3.490481264999999667e+00 5.442023499823425703e-02
3.500771555000000035e+00 5.539202490891700914e-02
3.511061844999999959e+00 4.275875607004489543e-02
3.521352134999999883e+00 5.830739464096526548e-02
3.531642424999999808e+00 5.636381481960463236e-02
3.541932714999999732e+00 5.539202490891700914e-02
3.552223004999999656e+00 3.789980651663069772e-02
3.562513294999999580e+00 5.150486526618598682e-02
3.572803584999999948e+00 6.413813410506180590e-02
3.583093874999999873e+00 5.247665517687327003e-02
3.593384164999999797e+00 4.956128544482047565e-02
3.603674454999999721e+00 5.442023499823894772e-02
3.613964744999999645e+00 1.224455287460270714e-01
3.624255035000000014e+00 5.247665517686874587e-02
3.634545324999999938e+00 6.025097446233598081e-02
3.644835614999999862e+00 5.830739464096526548e-02
3.655125904999999786e+00 4.567412580209340156e-02
3.665416194999999711e+00 4.373054598072395605e-02
3.675706484999999635e+00 3.595622669526502002e-02
3.685996774999999559e+00 6.122276437301353569e-02
3.696287064999999927e+00 3.401264687389640717e-02
3.706577354999999852e+00 5.830739464097030311e-02
3.716867644999999776e+00 6.025097446233077664e-02
3.727157934999999700e+00 4.956128544482476389e-02
3.737448224999999624e+00 5.344844508755149798e-02
3.747738514999999992e+00 4.567412580208946721e-02
3.758028804999999917e+00 6.122276437301881619e-02
3.768319094999999841e+00 4.761770562345496449e-02
3.778609384999999765e+00 6.122276437301881619e-02
3.788899674999999689e+00 4.858949553413772354e-02
3.799189965000000058e+00 5.636381481959976819e-02
3.809480254999999982e+00 6.316634419438449388e-02
3.819770544999999906e+00 6.413813410506180590e-02
3.830060834999999830e+00 5.150486526619043465e-02
3.840351124999999755e+00 4.858949553413772354e-02
3.850641414999999679e+00 5.442023499823894772e-02
3.860931704999999603e+00 5.636381481959976819e-02
3.871221994999999971e+00 6.316634419437903991e-02
3.881512284999999896e+00 4.858949553414192157e-02
3.891802574999999820e+00 4.470233589140670816e-02
3.902092864999999744e+00 4.470233589141056618e-02
3.912383154999999668e+00 5.442023499823425703e-02
3.922673445000000036e+00 5.636381481959976819e-02
3.932963734999999961e+00 5.636381481960463236e-02
3.943254024999999885e+00 5.927918455164802453e-02
3.953544314999999809e+00 5.247665517687327003e-02
3.963834604999999733e+00 4.761770562345496449e-02
3.974124894999999658e+00 5.733560473028746773e-02
3.984415184999999582e+00 5.442023499823425703e-02
3.994705474999999950e+00 4.178696615935844488e-02
4.004995765000000318e+00 5.830739464097030311e-02
4.015286054999999799e+00 4.275875607004119699e-02
4.025576344999999279e+00 6.025097446233598081e-02
4.035866634999999647e+00 4.956128544482047565e-02
4.046156925000000015e+00 6.705350383711006224e-02
4.056447215000000384e+00 6.413813410506734314e-02
4.066737504999999864e+00 5.539202490891700914e-02
4.077027794999999344e+00 5.830739464097030311e-02
4.087318084999999712e+00 5.344844508755149798e-02
4.097608375000000080e+00 6.122276437301881619e-02
4.107898664999999561e+00 4.567412580208946721e-02
4.118188954999999929e+00 5.636381481959976819e-02
4.128479244999999409e+00 5.927918455165314543e-02
4.138769534999999777e+00 5.830739464096526548e-02
4.149059825000000146e+00 5.927918455165314543e-02
4.159350114999999626e+00 6.413813410506180590e-02
4.169640404999999994e+00 6.413813410506180590e-02
4.179930694999999474e+00 5.442023499823894772e-02
4.190220984999999843e+00 8.260214240803413766e-02
4.200511275000000211e+00 6.219455428370165156e-02
4.210801564999999691e+00 6.802529374779281435e-02
4.221091854999999171e+00 6.413813410506734314e-02
4.231382144999999539e+00 5.830739464096526548e-02
4.241672434999999908e+00 6.899708365847556646e-02
4.251962725000000276e+00 5.053307535550759927e-02
4.262253014999999756e+00 4.567412580208946721e-02
4.272543304999999236e+00 7.288424330121287542e-02
4.282833594999999605e+00 5.636381481959976819e-02
4.293123884999999973e+00 5.442023499823425703e-02
4.303414175000000341e+00 5.830739464097030311e-02
4.313704464999999821e+00 7.191245339052383667e-02
4.323994754999999302e+00 7.871498276530991545e-02
4.334285044999999670e+00 7.677140294393761111e-02
4.344575335000000038e+00 4.567412580209340156e-02
4.354865624999999518e+00 6.996887356915831857e-02
4.365155914999999887e+00 6.219455428369628780e-02
4.375446204999999367e+00 7.094066347984720466e-02
4.385736494999999735e+00 6.510992401574455801e-02
4.396026785000000103e+00 7.774319285462706619e-02
4.406317074999999583e+00 7.482782312257209301e-02
4.416607364999999952e+00 6.996887356915831857e-02
4.426897654999999432e+00 7.871498276530991545e-02
4.437187944999999800e+00 7.871498276530311533e-02
4.447478235000000168e+00 7.094066347984720466e-02
4.457768524999999649e+00 6.219455428369628780e-02
4.468058814999999129e+00 7.385603321189572468e-02
4.478349104999999497e+00 7.871498276530311533e-02
4.488639394999999865e+00 6.413813410506180590e-02
4.498929685000000234e+00 7.677140294394423081e-02
4.509219974999999714e+00 8.454572222939965576e-02
4.519510264999999194e+00 6.025097446233598081e-02
4.529800554999999562e+00 7.677140294393761111e-02
4.540090844999999931e+00 7.191245339052383667e-02
4.550381135000000299e+00 8.260214240804127084e-02
4.560671424999999779e+00 8.843288187213065032e-02
4.570961714999999259e+00 7.191245339053004004e-02
4.581252004999999627e+00 6.802529374779281435e-02
4.591542294999999996e+00 6.510992401575017852e-02
4.601832584999999476e+00 9.329183142554443864e-02
4.612122874999999844e+00 6.899708365847556646e-02
4.622413164999999324e+00 7.968677267599275083e-02
4.632703454999999693e+00 7.871498276530311533e-02
4.642993745000000061e+00 7.871498276530991545e-02
4.653284034999999541e+00 7.094066347984108456e-02
4.663574324999999909e+00 8.065856258666861955e-02
4.673864614999999390e+00 9.426362133623532313e-02
4.684154904999999758e+00 8.648930205076514610e-02
4.694445195000000126e+00 8.648930205077262623e-02
4.704735484999999606e+00 8.357393231871688977e-02
4.715025774999999086e+00 7.385603321189572468e-02
4.725316064999999455e+00 7.871498276530311533e-02
4.735606354999999823e+00 8.454572222939965576e-02
4.745896645000000191e+00 8.454572222940694159e-02
4.756186934999999671e+00 8.843288187213065032e-02
4.766477224999999152e+00 8.551751214008979085e-02
4.776767514999999520e+00 8.065856258666861955e-02
4.787057804999999888e+00 9.329183142554443864e-02
4.797348095000000257e+00 8.648930205077262623e-02
4.807638384999999737e+00 6.705350383711006224e-02
4.817928674999999217e+00 5.442023499823894772e-02
4.828218964999999585e+00 6.608171392642731012e-02
4.838509254999999953e+00 8.940467178282113236e-02
4.848799544999999434e+00 7.482782312257209301e-02
4.859089834999999802e+00 8.648930205076514610e-02
4.869380124999999282e+00 7.579961303326139543e-02
4.879670414999999650e+00 7.968677267598586744e-02
4.889960705000000019e+00 9.134825160418680312e-02
4.900250994999999499e+00 6.608171392642731012e-02
4.910541284999999867e+00 7.774319285462036322e-02
4.920831574999999347e+00 7.482782312257856006e-02
4.931121864999999715e+00 9.426362133622719075e-02
4.941412155000000084e+00 7.677140294394423081e-02
4.951702444999999564e+00 7.871498276530311533e-02
4.961992734999999044e+00 6.219455428370165156e-02
4.972283024999999412e+00 9.134825160417893442e-02
4.982573314999999781e+00 7.774319285462036322e-02
4.992863605000000149e+00 8.648930205077262623e-02
5.003153894999999629e+00 8.163035249735137167e-02
5.013444184999999109e+00 1.010661507110151985e-01
5.023734474999999478e+00 8.163035249735137167e-02
5.034024764999999846e+00 8.454572222939965576e-02
5.044315055000000214e+00 8.746109196145546161e-02
5.054605344999999694e+00 8.260214240803413766e-02
5.064895634999999174e+00 9.912257088964952778e-02
5.075185924999999543e+00 7.774319285462036322e-02
5.085476214999999911e+00 9.134825160418680312e-02
5.095766504999999391e+00 7.774319285462036322e-02
5.106056794999999759e+00 8.746109196144791209e-02
5.116347084999999240e+00 9.134825160418680312e-02
5.126637374999999608e+00 8.357393231871688977e-02
5.136927664999999976e+00 9.232004151486963850e-02
5.147217954999999456e+00 9.523541124690992898e-02
5.157508244999998936e+00 7.385603321189572468e-02
5.167798534999999305e+00 8.260214240803413766e-02
5.178088824999999673e+00 1.030097305323719736e-01
5.188379115000000041e+00 9.232004151486963850e-02
5.198669404999999522e+00 9.620720115759269497e-02
5.208959694999999002e+00 9.426362133623532313e-02
5.219249984999999370e+00 9.620720115759269497e-02
5.229540274999999738e+00 8.648930205077262623e-02
5.239830564999999218e+00 9.232004151486167265e-02
5.250120854999999587e+00 9.620720115759269497e-02
5.260411144999999067e+00 8.357393231872410622e-02
5.270701434999999435e+00 7.677140294393761111e-02
5.280991724999999803e+00 8.260214240804127084e-02
5.291282014999999284e+00 1.059251002644202300e-01
5.301572304999999652e+00 8.940467178281341631e-02
5.311862594999999132e+00 9.232004151486963850e-02
5.322152884999999500e+00 1.020379406216892354e-01
5.332443174999999869e+00 1.166147892819406062e-01
5.342733464999999349e+00 9.523541124690992898e-02
5.353023754999998829e+00 9.426362133623532313e-02
5.363314044999999197e+00 9.426362133622719075e-02
5.373604334999999566e+00 1.214737388353443193e-01
5.383894624999999934e+00 1.030097305323808693e-01
5.394184914999999414e+00 7.871498276530311533e-02
5.404475204999998894e+00 8.648930205077262623e-02
5.414765494999999262e+00 9.037646169349616843e-02
5.425055784999999631e+00 6.413813410506180590e-02
5.435346074999999999e+00 1.127276296392092647e-01
5.445636364999999479e+00 8.940467178281341631e-02
5.455926654999998959e+00 8.551751214008979085e-02
5.466216944999999328e+00 9.912257088964095131e-02
5.476507234999999696e+00 1.185583691033062909e-01
5.486797524999999176e+00 1.127276296391995364e-01
5.497087814999999544e+00 1.068968901751029960e-01
5.507378104999999024e+00 1.098122599071607308e-01
5.517668394999999393e+00 1.088404699964685141e-01
5.527958684999999761e+00 1.068968901751122247e-01
5.538248974999999241e+00 1.146712094605650406e-01
5.548539264999999610e+00 1.039815204430547396e-01
5.558829554999999090e+00 2.876498135621201602e-01
5.569119844999999458e+00 1.049533103537374917e-01
5.579410134999999826e+00 1.243891085674033031e-01
5.589700424999999306e+00 9.912257088964095131e-02
5.599990714999998787e+00 9.426362133623532313e-02
5.610281004999999155e+00 9.523541124690992898e-02
5.620571294999999523e+00 1.088404699964685141e-01
5.630861584999999891e+00 1.156429993712577708e-01
5.641151874999999372e+00 1.107840498178340183e-01
5.651442164999998852e+00 1.049533103537465401e-01
5.661732454999999220e+00 9.426362133622719075e-02
5.672022744999999588e+00 1.117558397285167704e-01
5.682313034999999957e+00 2.682140153484633971e-01
5.692603324999999437e+00 1.088404699964685141e-01
5.702893614999998917e+00 9.815078097896669240e-02
5.713183904999999285e+00 1.098122599071512523e-01
5.723474194999999654e+00 1.078686800857950601e-01
5.733764484999999134e+00 9.815078097895821307e-02
5.744054774999999502e+00 8.843288187213065032e-02
5.754345064999998982e+00 1.030097305323808693e-01
5.764635354999999350e+00 1.039815204430547396e-01
5.774925644999999719e+00 1.068968901751122247e-01
5.785215934999999199e+00 1.088404699964685141e-01
5.795506224999999567e+00 9.232004151486167265e-02
5.805796514999999047e+00 1.273044782994518509e-01
5.816086804999999416e+00 1.292480581208063362e-01
5.826377094999999784e+00 1.195301590139891262e-01
5.836667384999999264e+00 1.146712094605650406e-01
5.846957674999998744e+00 1.117558397285264293e-01
5.857247964999999112e+00 9.815078097895821307e-02
5.867538254999999481e+00 1.107840498178340183e-01
5.877828544999999849e+00 1.175865791926234555e-01
5.888118834999999329e+00 1.166147892819305310e-01
5.898409124999998809e+00 1.078686800857950601e-01
5.908699414999999178e+00 1.234173186567098374e-01
5.918989704999999546e+00 1.098122599071512523e-01
5.929279994999999914e+00 1.020379406216980339e-01
5.939570284999999394e+00 9.912257088964095131e-02
5.949860574999998875e+00 1.214737388353547970e-01
5.960150864999999243e+00 9.232004151486167265e-02
5.970441154999999611e+00 1.127276296392092647e-01
5.980731444999999091e+00 1.107840498178340183e-01
5.991021734999999460e+00 1.253608984780753555e-01
6.001312024999998940e+00 1.117558397285264293e-01
6.011602314999999308e+00 1.078686800857857481e-01
6.021892604999999676e+00 1.214737388353547970e-01
6.032182894999999156e+00 1.243891085673925756e-01
6.042473184999999525e+00 1.224455287460270714e-01
6.052763474999999005e+00 1.224455287460376324e-01
6.063053764999999373e+00 1.010661507110064694e-01
6.073344054999999742e+00 1.341070076742316985e-01
6.083634344999999222e+00 1.156429993712477927e-01
6.093924634999998702e+00 1.175865791926234555e-01
6.104214924999999070e+00 1.205019489246615533e-01
6.114505214999999438e+00 1.360505874955856287e-01
6.124795504999999807e+00 1.263326883887689878e-01
6.135085794999999287e+00 1.195301590139788150e-01
6.145376084999998767e+00 1.214737388353547970e-01
6.155666374999999135e+00 1.311916379421718681e-01
6.165956664999999504e+00 1.020379406216892354e-01
6.176246954999999872e+00 1.302198480315003570e-01
6.186537244999999352e+00 1.243891085673925756e-01
6.196827534999998832e+00 1.292480581208175217e-01
6.207117824999999200e+00 1.166147892819305310e-01
6.217408114999999569e+00 1.117558397285264293e-01
6.227698404999999049e+00 1.350787975849028766e-01
6.237988694999999417e+00 1.341070076742201245e-01
6.248278984999998897e+00 1.554863857092541324e-01
6.258569274999999266e+00 1.311916379421718681e-01
6.268859564999999634e+00 1.175865791926234555e-01
6.279149854999999114e+00 1.127276296391995364e-01
6.289440144999999482e+00 1.243891085673925756e-01
6.299730434999998963e+00 1.214737388353547970e-01
6.310020724999999331e+00 1.292480581208063362e-01
6.320311014999999699e+00 1.370223774062802047e-01
6.330601304999999179e+00 1.379941673169511329e-01
6.340891594999998659e+00 1.389659572276458754e-01
6.351181884999999028e+00 1.214737388353443193e-01
6.361472174999999396e+00 1.311916379421718681e-01
6.371762464999999764e+00 1.214737388353547970e-01
6.382052754999999244e+00 1.166147892819305310e-01
6.392343044999998725e+00 1.341070076742316985e-01
6.402633334999999093e+00 1.243891085673925756e-01
6.412923624999999461e+00 1.360505874955856287e-01
6.423213914999999830e+00 1.982451417792990556e-01
6.433504204999999310e+00 1.943579821365508942e-01
6.443794494999998790e+00 2.089348307968102725e-01
6.454084784999999158e+00 1.856118729404060974e-01
6.464375074999999526e+00 1.302198480314891160e-01
6.474665364999999895e+00 1.321634278528660278e-01
6.484955654999999375e+00 1.399377471383166371e-01
6.495245944999998855e+00 1.389659572276458754e-01
6.505536234999999223e+00 1.253608984780753555e-01
6.515826524999999592e+00 1.350787975849145339e-01
6.526116814999999072e+00 1.856118729404060974e-01
6.536407104999999440e+00 1.593735453519717349e-01
6.546697394999998920e+00 1.370223774062802047e-01
6.556987684999999288e+00 1.515992260665097180e-01
6.567277974999999657e+00 1.545145957985712970e-01
6.577568264999999137e+00 1.467402765130959297e-01
6.587858554999999505e+00 1.467402765130959297e-01
6.598148844999998985e+00 1.331352177635488632e-01
6.608439134999999354e+00 1.613171251733372391e-01
6.618729424999999722e+00 1.477120664237914494e-01
6.629019714999999202e+00 2.021323014220129388e-01
6.639310004999998682e+00 1.506274361558399555e-01
6.649600294999999051e+00 1.428531168703649212e-01
6.659890584999999419e+00 1.457684866024131776e-01
6.670180874999999787e+00 1.506274361558399555e-01
6.680471164999999267e+00 1.321634278528546202e-01
6.690761454999998747e+00 1.496556462451571201e-01
6.701051744999999116e+00 1.399377471383166371e-01
6.711342034999999484e+00 1.535428058878752222e-01
6.721632324999999852e+00 1.525710159772056262e-01
6.731922614999999332e+00 1.574299655306062307e-01
6.742212904999998813e+00 1.515992260665227909e-01
6.752503194999999181e+00 1.486838563344614339e-01
6.762793484999999549e+00 1.447966966917429155e-01
6.773083774999999029e+00 1.496556462451441860e-01
6.783374064999999398e+00 1.593735453519717349e-01
6.793664354999998878e+00 1.758939738335937308e-01
6.803954644999999246e+00 1.545145957985579743e-01
6.814244934999999614e+00 1.486838563344742847e-01
6.824535224999999095e+00 1.846400830297233453e-01
6.834825514999999463e+00 1.506274361558269381e-01
6.845115804999998943e+00 1.681196545481310478e-01
6.855406094999999311e+00 1.515992260665097180e-01
6.865696384999999680e+00 1.584017554413026663e-01
6.875986674999999160e+00 1.545145957985579743e-01
6.886276964999998640e+00 1.613171251733511724e-01
6.896567254999999008e+00 1.515992260665097180e-01
6.906857544999999377e+00 1.720068141908475401e-01
6.917147834999999745e+00 1.574299655306198309e-01
6.927438124999999225e+00 1.613171251733372391e-01
6.937728414999998705e+00 1.467402765131086140e-01
6.948018704999999073e+00 1.438249067810476733e-01
6.958308994999999442e+00 1.622889150840200190e-01
6.968599284999999810e+00 1.438249067810600801e-01
6.978889574999999290e+00 1.671478646374337795e-01
6.989179864999998770e+00 1.700632343694967186e-01
6.999470154999999139e+00 1.496556462451441860e-01
7.009760444999999507e+00 1.564581756199369955e-01
7.020050734999998987e+00 1.593735453519717349e-01
7.030341024999999355e+00 1.652042848160682753e-01
7.040631314999998835e+00 1.613171251733511724e-01
7.050921604999999204e+00 1.652042848160682753e-01
7.061211894999999572e+00 1.826965032083736062e-01
7.071502184999999052e+00 1.758939738335785763e-01
7.081792474999999421e+00 1.700632343694820636e-01
7.092082764999998901e+00 1.875554527617878109e-01
7.102373054999999269e+00 1.652042848160682753e-01
7.112663344999999637e+00 1.700632343694967186e-01
7.122953634999999117e+00 1.817247132976750890e-01
7.133243924999998598e+00 1.545145957985712970e-01
7.143534214999998966e+00 1.739503940122130721e-01
7.153824504999999334e+00 1.584017554412889828e-01
7.164114794999999702e+00 1.661760747267653771e-01
7.174405084999999183e+00 1.652042848160682753e-01
7.184695374999998663e+00 1.720068141908623893e-01
7.194985664999999031e+00 1.652042848160682753e-01
7.205275954999999399e+00 1.749221839228958242e-01
7.215566244999999768e+00 1.758939738335937308e-01
7.225856534999999248e+00 1.720068141908475401e-01
7.236146824999998728e+00 1.700632343694967186e-01
7.246437114999999096e+00 1.661760747267510274e-01
7.256727404999999465e+00 1.720068141908623893e-01
7.267017694999998945e+00 1.856118729404060974e-01
7.277307984999999313e+00 1.739503940122130721e-01
7.287598274999998793e+00 1.982451417792990556e-01
7.297888564999999161e+00 1.826965032083578688e-01
7.308178854999999530e+00 2.021323014220303971e-01
7.318469144999999010e+00 1.807529233869923369e-01
7.328759434999999378e+00 1.826965032083578688e-01
7.339049724999998858e+00 1.807529233870079355e-01
7.349340014999999227e+00 1.593735453519717349e-01
7.359630304999999595e+00 1.797811334763251279e-01
7.369920594999999075e+00 1.846400830297233453e-01
7.380210884999998555e+00 1.768657637442765940e-01
7.390501174999998923e+00 1.700632343694820636e-01
7.400791464999999292e+00 1.807529233869923369e-01
7.411081754999999660e+00 1.953297720472505217e-01
7.421372044999999140e+00 1.797811334763095847e-01
7.431662334999998620e+00 1.739503940122280601e-01
7.441952624999998989e+00 1.953297720472336740e-01
7.452242914999999357e+00 1.671478646374337795e-01
7.462533204999999725e+00 2.060194610647617386e-01
7.472823494999999205e+00 1.924144023151853899e-01
7.483113784999998686e+00 1.943579821365676863e-01
7.493404074999999054e+00 1.690914444587993115e-01
7.503694364999999422e+00 1.778375536549594016e-01
7.513984654999998902e+00 2.137937803502059919e-01
7.524274944999999271e+00 2.001887216006474346e-01
7.534565234999998751e+00 2.011605115113475339e-01
7.544855524999999119e+00 1.972733518685991783e-01
7.555145814999999487e+00 2.128219904395416140e-01
7.565436104999998967e+00 1.700632343694820636e-01
7.575726394999999336e+00 1.875554527617716294e-01
7.586016684999998816e+00 1.972733518686161924e-01
7.596306974999999184e+00 1.720068141908475401e-01
7.606597264999999553e+00 2.060194610647617386e-01
7.616887554999999033e+00 2.060194610647439473e-01
7.627177844999998513e+00 1.885272426724706463e-01
7.637468134999998881e+00 1.768657637442613006e-01
7.647758424999999249e+00 1.885272426724543815e-01
7.658048714999999618e+00 1.982451417792990556e-01
7.668339004999999098e+00 1.972733518685991783e-01
7.678629294999998578e+00 1.836682931190564694e-01
7.688919584999998946e+00 1.953297720472336740e-01
7.699209874999999315e+00 1.885272426724543815e-01
7.709500164999999683e+00 1.982451417792990556e-01
7.719790454999999163e+00 1.904708224938198580e-01
7.730080744999998643e+00 2.001887216006647263e-01
7.740371034999999011e+00 1.875554527617716294e-01
7.750661324999999380e+00 1.758939738335785763e-01
7.760951614999999748e+00 1.846400830297392770e-01
7.771241904999999228e+00 2.361449482959093460e-01
7.781532194999998708e+00 1.690914444588138832e-01
7.791822484999999077e+00 1.904708224938198580e-01
7.802112774999999445e+00 2.176809399929557909e-01
7.812403064999998925e+00 1.856118729404060974e-01
7.822693354999999293e+00 2.069912509754266994e-01
7.832983644999998774e+00 1.856118729404221401e-01
7.843273934999999142e+00 2.128219904395232398e-01
7.853564224999999510e+00 2.361449482959297186e-01
7.863854514999998990e+00 1.826965032083578688e-01
7.874144804999999359e+00 2.001887216006474346e-01
7.884435094999998839e+00 1.739503940122280601e-01
7.894725384999999207e+00 1.963015619579164261e-01
7.905015674999999575e+00 2.254552592784185294e-01
7.915305964999999055e+00 2.147655702608887440e-01
7.925596254999998536e+00 2.079630408861274093e-01
7.935886544999998904e+00 2.167091500822542760e-01
7.946176834999999272e+00 1.982451417792819026e-01
7.956467124999999641e+00 2.108784106181759432e-01
7.966757414999999121e+00 2.011605115113301867e-01
7.977047704999998601e+00 2.089348307968102725e-01
7.987337994999998969e+00 2.001887216006474346e-01
7.997628284999999337e+00 2.186527299036197525e-01
8.007918574999999706e+00 2.011605115113301867e-01
8.018208865000000074e+00 2.108784106181577356e-01
8.028499154999998666e+00 2.021323014220478276e-01
8.038789444999999034e+00 2.176809399929370281e-01
8.049079734999999403e+00 2.137937803502059919e-01
8.059370024999999771e+00 2.050476711540611952e-01
8.069660315000000139e+00 2.118502005288404599e-01
8.079950605000000508e+00 2.099066207075112045e-01
8.090240894999999099e+00 1.972733518685991783e-01
8.100531184999999468e+00 2.108784106181577356e-01
8.110821474999999836e+00 2.079630408861094792e-01
8.121111765000000204e+00 2.244834693677162929e-01
8.131402054999998796e+00 1.933861922259015320e-01
8.141692344999999165e+00 1.992169316899646825e-01
8.151982634999999533e+00 1.963015619579164261e-01
8.162272924999999901e+00 2.380885281172748780e-01
8.172563215000000270e+00 1.768657637442918595e-01
8.182853504999998862e+00 2.060194610647439473e-01
8.193143794999999230e+00 2.128219904395232398e-01
8.203434084999999598e+00 2.235116794570335408e-01
8.213724374999999966e+00 2.108784106181577356e-01
8.224014664999998558e+00 2.264270491891208770e-01
8.234304954999998927e+00 2.283706290104473013e-01
8.244595244999999295e+00 2.060194610647439473e-01
8.254885534999999663e+00 2.225398895463507887e-01
8.265175825000000032e+00 1.924144023151853899e-01
8.275466115000000400e+00 2.235116794570721210e-01
8.285756404999998992e+00 2.264270491890817971e-01
8.296046694999999360e+00 1.972733518685991783e-01
8.306336984999999729e+00 2.419756877600058864e-01
8.316627275000000097e+00 2.118502005288404599e-01
8.326917564999998689e+00 2.380885281173159562e-01
8.337207854999999057e+00 2.371167382065920981e-01
8.347498144999999425e+00 2.380885281172748780e-01
8.357788434999999794e+00 2.079630408861094792e-01
8.368078725000000162e+00 2.312859987424955854e-01
8.378369015000000530e+00 2.468346373134622518e-01
8.388659304999999122e+00 2.264270491890817971e-01
8.398949594999999491e+00 1.943579821365508942e-01
8.409239884999999859e+00 1.992169316899646825e-01
8.419530174999998451e+00 1.963015619579502880e-01
8.429820464999998819e+00 2.069912509754266994e-01
8.440110754999999187e+00 2.273988390997645492e-01
8.450401044999999556e+00 2.390603180279576301e-01
8.460691334999999924e+00 2.293424189211300812e-01
8.470981625000000292e+00 2.069912509754624763e-01
8.481271914999998884e+00 2.118502005288404599e-01
8.491562204999999253e+00 2.925087631155091072e-01
8.501852494999999621e+00 2.925087631155091072e-01
8.512142784999999989e+00 2.876498135620953467e-01
8.522433074999998581e+00 3.002830824010229716e-01
8.532723364999998950e+00 2.264270491890817971e-01
8.543013654999999318e+00 2.293424189211300812e-01
8.553303944999999686e+00 2.264270491890817971e-01
8.563594235000000054e+00 2.147655702608887440e-01
8.573884525000000423e+00 3.080574016864863762e-01
8.584174814999999015e+00 2.400321079386403544e-01
8.594465104999999383e+00 2.342013684745438418e-01
8.604755394999999751e+00 1.953297720472336740e-01
8.615045685000000120e+00 2.235116794570335408e-01
8.625335974999998712e+00 2.215680996357062837e-01
8.635626264999999080e+00 2.137937803502059919e-01
8.645916554999999448e+00 2.283706290104473013e-01
8.656206844999999817e+00 3.109727714184814529e-01
8.666497135000000185e+00 2.273988390998037956e-01
8.676787424999998777e+00 2.089348307967922314e-01
8.687077714999999145e+00 2.419756877600058864e-01
8.697368004999999513e+00 2.108784106181577356e-01
8.707658294999999882e+00 2.108784106181577356e-01
8.717948584999998474e+00 2.254552592784379583e-01
8.728238874999998842e+00 2.342013684745438418e-01
8.738529164999999210e+00 2.235116794570335408e-01
8.748819454999999579e+00 1.933861922258681421e-01
8.759109744999999947e+00 2.069912509754266994e-01
8.769400035000000315e+00 2.303142088318525793e-01
8.779690324999998907e+00 2.147655702608887440e-01
8.789980614999999275e+00 2.186527299036197525e-01
8.800270904999999644e+00 1.992169316899646825e-01
8.810561195000000012e+00 2.244834693677162929e-01
8.820851484999998604e+00 2.050476711540966113e-01
8.831141774999998972e+00 2.507217969561507109e-01
8.841432064999999341e+00 2.225398895463507887e-01
8.851722354999999709e+00 2.099066207074749835e-01
8.862012645000000077e+00 2.303142088318128333e-01
8.872302935000000446e+00 2.322577886532184166e-01
8.882593224999999038e+00 2.235116794570335408e-01
8.892883514999999406e+00 2.516935868668334075e-01
8.903173804999999774e+00 2.079630408861094792e-01
8.913464094999998366e+00 2.264270491891208770e-01
8.923754384999998734e+00 2.244834693677162929e-01
8.934044674999999103e+00 2.273988390997645492e-01
8.944334964999999471e+00 2.021323014220129388e-01
8.954625254999999839e+00 1.885272426724543815e-01
8.964915545000000208e+00 2.021323014220478276e-01
8.975205834999998800e+00 2.011605115113301867e-01
8.985496124999999168e+00 2.254552592783990728e-01
8.995786414999999536e+00 1.904708224938198580e-01
9.006076704999999905e+00 2.157373601715714961e-01
9.016366994999998496e+00 2.303142088318525793e-01
9.026657284999998865e+00 2.099066207074749835e-01
9.036947574999999233e+00 2.108784106181577356e-01
9.047237864999999601e+00 2.157373601715714961e-01
9.057528154999999970e+00 2.147655702608887440e-01
9.067818445000000338e+00 1.836682931190722901e-01
9.078108734999998930e+00 2.225398895463507887e-01
9.088399024999999298e+00 2.031040913326956909e-01
9.098689314999999667e+00 1.797811334763095847e-01
9.108979605000000035e+00 1.768657637442613006e-01
9.119269894999998627e+00 2.137937803502428791e-01
9.129560184999998995e+00 1.992169316899646825e-01
9.139850474999999363e+00 2.060194610647439473e-01
9.150140764999999732e+00 2.176809399929370281e-01
9.160431055000000100e+00 1.963015619579164261e-01
9.170721345000000468e+00 1.826965032083578688e-01
9.181011635000000837e+00 1.797811334763406155e-01
9.191301924999999429e+00 2.244834693677162929e-01
9.201592214999999797e+00 1.885272426724543815e-01
9.211882505000000165e+00 2.147655702608887440e-01
9.222172795000000534e+00 1.788093435656268326e-01
9.232463084999999126e+00 2.011605115113649367e-01
9.242753374999999494e+00 1.885272426724543815e-01
9.253043664999999862e+00 1.992169316899646825e-01
9.263333955000000230e+00 2.147655702608887440e-01
9.273624245000000599e+00 1.933861922259015320e-01
9.283914534999999191e+00 1.749221839228958242e-01
9.294204824999999559e+00 2.050476711540611952e-01
9.304495114999999927e+00 1.943579821365508942e-01
9.314785405000000296e+00 1.778375536549441083e-01
9.325075694999998888e+00 1.856118729404381551e-01
9.335365984999999256e+00 2.137937803502059919e-01
9.345656274999999624e+00 1.904708224938198580e-01
9.355946564999999993e+00 1.963015619579164261e-01
9.366236855000000361e+00 1.535428058878752222e-01
9.376527145000000729e+00 1.758939738336089409e-01
9.386817434999999321e+00 1.933861922258681421e-01
9.397107724999999689e+00 1.817247132976750890e-01
9.407398015000000058e+00 1.826965032083578688e-01
9.417688305000000426e+00 1.856118729404060974e-01
9.427978594999999018e+00 2.089348307968282858e-01
9.438268884999999386e+00 1.992169316899646825e-01
9.448559174999999755e+00 1.885272426724543815e-01
9.458849465000000123e+00 1.710350242801647880e-01
9.469139755000000491e+00 1.807529233869923369e-01
9.479430045000000860e+00 1.710350242801943477e-01
9.489720334999999451e+00 1.914426124045026656e-01
9.500010624999999820e+00 1.856118729404060974e-01
9.510300915000000188e+00 1.603453352626544870e-01
9.520591204999998780e+00 1.817247132977064805e-01
9.530881494999999148e+00 1.603453352626544870e-01
9.541171784999999517e+00 1.690914444587993115e-01
9.551462074999999885e+00 1.613171251733372391e-01
9.561752365000000253e+00 1.428531168703649212e-01
9.572042655000000622e+00 1.797811334763406155e-01
9.582332944999999214e+00 1.632607049947027433e-01
9.592623234999999582e+00 1.700632343694820636e-01
9.602913524999999950e+00 1.447966966917304255e-01
9.613203815000000318e+00 1.457684866024131776e-01
9.623494104999998910e+00 1.632607049947309430e-01
9.633784394999999279e+00 2.565525364202472236e-01
9.644074684999999647e+00 1.341070076742201245e-01
9.654364975000000015e+00 1.438249067810476733e-01
9.664655265000000384e+00 1.253608984780753555e-01
9.674945555000000752e+00 1.535428058879017288e-01
9.685235844999999344e+00 1.360505874955856287e-01
9.695526134999999712e+00 1.700632343694820636e-01
9.705816425000000081e+00 2.186527299036197525e-01
9.716106715000000449e+00 1.321634278528546202e-01
9.726397004999999041e+00 1.214737388353652886e-01
9.736687294999999409e+00 1.389659572276338850e-01
9.746977584999999777e+00 1.273044782994408319e-01
9.757267875000000146e+00 1.234173186567098374e-01
9.767558165000000514e+00 1.379941673169749750e-01
9.777848454999999106e+00 1.253608984780753555e-01
9.788138744999999474e+00 1.214737388353443193e-01
9.798429034999999843e+00 1.185583691032960491e-01
9.808719325000000211e+00 1.243891085673925756e-01
9.819009614999998803e+00 1.175865791926336001e-01
9.829299904999999171e+00 1.010661507110064694e-01
9.839590194999999540e+00 1.243891085673925756e-01
9.849880484999999908e+00 1.030097305323719736e-01
9.860170775000000276e+00 9.912257088964095131e-02
9.870461065000000644e+00 1.088404699964873046e-01
9.880751354999999236e+00 1.146712094605650406e-01
9.891041644999999605e+00 1.098122599071512523e-01
9.901331934999999973e+00 1.321634278528546202e-01
9.911622225000000341e+00 1.088404699964685141e-01
9.921912514999998933e+00 8.454572222941424131e-02
9.932202804999999302e+00 1.000943608003237173e-01
9.942493094999999670e+00 8.746109196144791209e-02
9.952783385000000038e+00 1.234173186567098374e-01
9.963073675000000406e+00 1.098122599071512523e-01
9.973363965000000775e+00 1.078686800858043721e-01
9.983654254999999367e+00 8.260214240803413766e-02
9.993944544999999735e+00 6.996887356915831857e-02
1.000423483500000010e+01 9.037646169349616843e-02
1.001452512499999870e+01 1.020379406217068324e-01
1.002481541499999906e+01 8.454572222939965576e-02
1.003510570499999943e+01 9.134825160417893442e-02
1.004539599499999980e+01 6.608171392642731012e-02
1.005568628500000017e+01 7.579961303325485900e-02
1.006597657500000054e+01 7.968677267599963421e-02
1.007626686499999913e+01 9.037646169349616843e-02
1.008655715499999950e+01 9.620720115759269497e-02
1.009684744499999987e+01 8.357393231871688977e-02
1.010713773500000023e+01 7.482782312257209301e-02
1.011742802499999883e+01 6.705350383712163631e-02
1.012771831499999919e+01 7.871498276530311533e-02
1.013800860499999956e+01 9.426362133622719075e-02
1.014829889499999993e+01 6.705350383711006224e-02
1.015858918500000030e+01 7.482782312257209301e-02
1.016887947500000067e+01 8.163035249736547150e-02
1.017916976499999926e+01 7.094066347984108456e-02
1.018946005499999963e+01 7.677140294393761111e-02
1.019975034500000000e+01 8.648930205076514610e-02
1.021004063500000036e+01 6.122276437301353569e-02
1.022033092499999896e+01 7.677140294395086439e-02
1.023062121499999932e+01 6.413813410506180590e-02
1.024091150499999969e+01 7.094066347984108456e-02
1.025120179500000006e+01 5.636381481959976819e-02
1.026149208500000043e+01 5.150486526619488248e-02
1.027178237499999902e+01 5.442023499823425703e-02
1.028207266499999939e+01 4.956128544482047565e-02
1.029236295499999976e+01 6.510992401574455801e-02
1.030265324500000013e+01 6.122276437301353569e-02
1.031294353499999872e+01 4.956128544482903825e-02
1.032323382499999909e+01 4.761770562345496449e-02
1.033352411499999945e+01 6.413813410506180590e-02
1.034381440499999982e+01 5.053307535550323470e-02
1.035410469500000019e+01 4.664591571277221932e-02
1.036439498500000056e+01 4.858949553414611960e-02
1.037468527499999915e+01 4.858949553413772354e-02
1.038497556499999952e+01 3.984338633799293372e-02
1.039526585499999989e+01 4.858949553413772354e-02
1.040555614500000026e+01 3.887159642731018161e-02
1.041584643499999885e+01 3.984338633799981710e-02
1.042613672499999922e+01 4.178696615935844488e-02
1.043642701499999959e+01 3.012548723116538832e-02
1.044671730499999995e+01 3.498443678457915929e-02
1.045700759500000032e+01 4.081517624867568583e-02
1.046729788500000069e+01 2.721011749912182615e-02
1.047758817499999928e+01 3.789980651662742950e-02
1.048787846499999965e+01 3.595622669526191834e-02
1.049816875500000002e+01 2.818190740979988410e-02
1.050845904500000039e+01 3.206906705253090295e-02
1.051874933499999898e+01 2.235116794570721210e-02
1.052903962499999935e+01 2.915369732048263274e-02
1.053932991499999972e+01 2.818190740979988410e-02
1.054962020500000008e+01 3.304085696321365506e-02
1.055991049500000045e+01 2.332295785639013422e-02
1.057020078499999904e+01 2.332295785638610966e-02
1.058049107499999941e+01 2.623832758843437293e-02
1.059078136499999978e+01 1.943579821365509080e-02
1.060107165500000015e+01 2.623832758843437293e-02
1.061136194499999874e+01 2.429474776707305980e-02
1.062165223499999911e+01 2.332295785638610966e-02
1.063194252499999948e+01 2.429474776706886177e-02
1.064223281499999985e+01 2.332295785638610966e-02
1.065252310500000021e+01 1.457684866024131637e-02
1.066281339500000058e+01 1.652042848160967942e-02
1.067310368499999917e+01 2.721011749911712851e-02
1.068339397499999954e+01 1.457684866024131637e-02
1.069368426499999991e+01 2.623832758843437293e-02
1.070397455500000028e+01 2.623832758843437293e-02
1.071426484499999887e+01 1.749221839229260153e-02
1.072455513499999924e+01 2.137937803502059850e-02
1.073484542499999961e+01 1.749221839228957964e-02
1.074513571499999998e+01 1.457684866024131637e-02
1.075542600500000034e+01 1.263326883887580868e-02
1.076571629500000071e+01 1.068968901751214673e-02
1.077600658499999930e+01 1.360505874955856426e-02
1.078629687499999967e+01 9.717899106827545402e-03
1.079658716500000004e+01 1.166147892819305483e-02
1.080687745499999863e+01 9.717899106829222880e-03
1.081716774499999900e+01 7.774319285462035975e-03
1.082745803499999937e+01 1.263326883887580868e-02
1.083774832499999974e+01 1.068968901751029925e-02
1.084803861500000011e+01 7.774319285462035975e-03
1.085832890500000047e+01 1.554863857092675730e-02
1.086861919499999907e+01 3.887159642731017987e-03
1.087890948499999944e+01 1.263326883887580868e-02
1.088919977499999980e+01 1.457684866024131637e-02
1.089949006500000017e+01 5.830739464096527415e-03
1.090978035499999876e+01 9.717899106829222880e-03
1.092007064499999913e+01 6.802529374779282129e-03
1.093036093499999950e+01 5.830739464096527415e-03
1.094065122499999987e+01 5.830739464096527415e-03
1.095094151500000024e+01 5.830739464096527415e-03
1.096123180500000061e+01 5.830739464097533555e-03
1.097152209499999920e+01 6.802529374779282129e-03
1.098181238499999957e+01 5.830739464096527415e-03
1.099210267499999993e+01 3.887159642731017987e-03
1.100239296500000030e+01 6.802529374779282129e-03
1.101268325499999889e+01 6.802529374780456536e-03
1.102297354499999926e+01 2.915369732048263707e-03
1.103326383499999963e+01 8.746109196144789821e-03
1.104355412500000000e+01 4.858949553413772701e-03
1.105384441500000037e+01 3.887159642731689325e-03
1.106413470499999896e+01 2.915369732048263707e-03
1.107442499499999933e+01 9.717899106827544969e-04
1.108471528499999970e+01 2.915369732048263707e-03
1.109500557500000006e+01 1.943579821365508994e-03
1.110529586499999866e+01 2.915369732048766777e-03
1.111558615499999902e+01 2.915369732048263707e-03
1.112587644499999939e+01 3.887159642731017987e-03
1.113616673499999976e+01 1.943579821365508994e-03
1.114645702500000013e+01 0.000000000000000000e+00
1.115674731500000050e+01 4.858949553414611440e-03
1.116703760499999909e+01 9.717899106827544969e-04
1.117732789499999946e+01 2.915369732048263707e-03
1.118761818499999983e+01 4.858949553413772701e-03
1.119790847500000019e+01 9.717899106827544969e-04
1.120819876499999879e+01 0.000000000000000000e+00
1.121848905499999915e+01 9.717899106827544969e-04
1.122877934499999952e+01 0.000000000000000000e+00
1.123906963499999989e+01 9.717899106827544969e-04
1.124935992500000026e+01 1.943579821365508994e-03
1.125965021500000063e+01 0.000000000000000000e+00
1.126994050499999922e+01 1.943579821365508994e-03
1.128023079499999959e+01 9.717899106827544969e-04
1.129052108499999996e+01 0.000000000000000000e+00
1.130081137499999855e+01 1.943579821365844663e-03
1.131110166499999892e+01 0.000000000000000000e+00
1.132139195499999929e+01 9.717899106827544969e-04
1.133168224499999965e+01 9.717899106827544969e-04
1.134197253500000002e+01 0.000000000000000000e+00
1.135226282500000039e+01 9.717899106829223314e-04
1.136255311499999898e+01 9.717899106827544969e-04
1.137284340499999935e+01 0.000000000000000000e+00
1.138313369499999972e+01 0.000000000000000000e+00
1.139342398500000009e+01 0.000000000000000000e+00
1.140371427499999868e+01 0.000000000000000000e+00
1.141400456499999905e+01 9.717899106827544969e-04
1.142429485499999942e+01 9.717899106827544969e-04
