# column2  
#           x                    probability
7.363729396000000094e+00 2.008726228131188648e-04
7.413512188000000336e+00 4.017452456262448853e-04
7.463294979999999690e+00 2.008726228131188648e-04
7.513077771999999932e+00 6.026178684393566215e-04
7.562860564000000174e+00 0.000000000000000000e+00
7.612643355999999528e+00 6.026178684393673551e-04
7.662426147999999770e+00 4.017452456262377296e-04
7.712208940000000013e+00 2.008726228131188648e-04
7.761991732000000255e+00 6.026178684393566215e-04
7.811774524000000497e+00 2.008726228131224427e-04
7.861557315999999851e+00 6.026178684393566215e-04
7.911340108000000093e+00 2.008726228131188648e-04
7.961122900000000335e+00 1.205235736878713243e-03
8.010905692000001466e+00 4.017452456262377296e-04
8.060688483999999931e+00 6.026178684393780887e-04
8.110471275999998397e+00 1.406108359691831972e-03
8.160254068000000416e+00 1.406108359691831972e-03
8.210036859999998882e+00 4.017452456262377296e-04
8.259819652000000900e+00 1.205235736878713243e-03
8.309602443999999366e+00 1.807853605318069865e-03
8.359385236000001385e+00 1.606980982504950918e-03
8.409168027999999850e+00 1.606980982504950918e-03
8.458950820000000093e+00 2.209598850944386687e-03
8.508733612000000335e+00 1.606980982504950918e-03
8.558516403999998801e+00 2.008726228131188594e-03
8.608299196000000819e+00 2.008726228131188594e-03
8.658081987999999285e+00 4.017452456262377188e-03
8.707864780000001304e+00 3.414834587823021000e-03
8.757647571999999769e+00 2.812216719383663945e-03
8.807430364000000012e+00 3.213961965010016762e-03
8.857213156000000254e+00 4.620070324701733809e-03
8.906995947999998720e+00 3.816579833449258458e-03
8.956778740000000738e+00 2.812216719383663945e-03
9.006561531999999204e+00 3.013089342196783108e-03
9.056344324000001222e+00 4.620070324701733809e-03
9.106127115999999688e+00 3.615707210636139729e-03
9.155909907999999930e+00 3.414834587823142430e-03
9.205692700000000173e+00 4.218325079075496351e-03
9.255475491999998638e+00 6.628796552832921969e-03
9.305258284000000657e+00 7.030541798459160295e-03
9.355041075999999123e+00 4.017452456262377188e-03
9.404823868000001141e+00 6.227051307206685378e-03
9.454606659999999607e+00 7.030541798459160295e-03
9.504389451999999849e+00 6.628796552833158759e-03
9.554172244000000092e+00 5.825306061580447052e-03
9.603955035999998557e+00 6.829669175646041999e-03
9.653737828000000576e+00 7.633159666898516917e-03
9.703520619999999042e+00 4.620070324701733809e-03
9.753303412000001060e+00 9.441013272216587648e-03
9.803086203999999526e+00 1.064624900909529916e-02
9.852868995999999768e+00 8.034904912525042339e-03
9.902651788000000010e+00 9.842758517842472091e-03
9.952434580000000253e+00 9.842758517843174654e-03
1.000221737200000049e+01 7.834032289711636080e-03
1.005200016399999896e+01 1.004363114065594427e-02
1.010178295600000098e+01 9.240140649403467618e-03
1.015156574799999945e+01 6.829669175646041999e-03
1.020134853999999969e+01 9.240140649403797216e-03
1.025113133199999993e+01 8.838395403776915307e-03
1.030091412400000017e+01 1.305672048285319228e-02
1.035069691600000041e+01 1.446282884254455892e-02
1.040047970799999888e+01 1.225322999160025073e-02
1.045026250000000090e+01 1.225322999160025073e-02
1.050004529199999936e+01 9.842758517842824240e-03
1.054982808399999961e+01 1.265497523722694008e-02
1.059961087599999985e+01 9.842758517842472091e-03
1.064939366800000009e+01 1.024450376346942686e-02
1.069917646000000033e+01 1.245410261441337076e-02
1.074895925199999880e+01 1.486457408817079551e-02
1.079874204400000082e+01 1.727504556192822199e-02
1.084852483599999928e+01 1.486457408817079551e-02
1.089830762800000130e+01 1.386021097410520229e-02
1.094809041999999977e+01 1.285584786003960735e-02
1.099787321200000001e+01 9.842758517843174654e-03
1.104765600400000025e+01 1.506544671098391554e-02
1.109743879599999872e+01 1.506544671098391554e-02
1.114722158800000074e+01 1.526631933379703383e-02
1.119700437999999920e+01 1.486457408817079551e-02
1.124678717200000122e+01 1.647155507067574881e-02
1.129656996399999969e+01 1.647155507067574881e-02
1.134635275599999993e+01 1.928377179006009884e-02
1.139613554800000017e+01 2.068988014975050790e-02
1.144591834000000041e+01 1.727504556192883955e-02
1.149570113200000065e+01 1.566806457942327216e-02
1.154548392399999912e+01 1.647155507067574881e-02
1.159526671599999936e+01 1.868115392162071967e-02
1.164504950799999961e+01 1.747591818474071579e-02
1.169483229999999985e+01 1.707417293911571432e-02
1.174461509200000009e+01 1.767679080755383061e-02
1.179439788400000033e+01 2.289947900069637041e-02
1.184418067600000057e+01 2.028813490412500684e-02
1.189396346799999904e+01 1.868115392162005353e-02
1.194374626000000106e+01 1.787766343036758035e-02
1.199352905199999952e+01 1.767679080755445858e-02
1.204331184399999977e+01 1.586893720223695597e-02
1.209309463600000001e+01 1.747591818474071579e-02
1.214287742800000025e+01 1.968551703568634931e-02
1.219266022000000049e+01 2.089075277256436172e-02
1.224244301199999896e+01 2.068988014975124343e-02
1.229222580400000098e+01 1.968551703568564848e-02
1.234200859599999944e+01 2.390384211476114656e-02
1.239179138799999969e+01 2.209598850944386253e-02
1.244157417999999993e+01 2.269860637788161800e-02
1.249135697200000017e+01 2.410471473757512181e-02
1.254113976400000041e+01 1.707417293911510370e-02
1.259092255599999888e+01 2.028813490412500684e-02
1.264070534800000090e+01 1.968551703568564848e-02
1.269048813999999936e+01 2.330122424632178821e-02
1.274027093199999960e+01 1.868115392162071967e-02
1.279005372399999985e+01 1.827940867599316468e-02
1.283983651600000009e+01 1.747591818474196479e-02
1.288961930800000033e+01 1.827940867599381694e-02
1.293940209999999880e+01 2.189511588662995667e-02
1.298918489200000081e+01 1.807853605318069865e-02
1.303896768399999928e+01 1.948464441287253018e-02
1.308875047599999952e+01 2.310035162350949564e-02
1.313853326799999977e+01 1.827940867599316468e-02
1.318831606000000001e+01 1.928377179006009884e-02
1.323809885200000025e+01 1.848028129880693524e-02
1.328788164399999872e+01 1.888202654443317530e-02
1.333766443600000073e+01 1.868115392162005353e-02
1.338744722799999920e+01 1.888202654443317530e-02
1.343723001999999944e+01 1.727504556192883955e-02
1.348701281199999968e+01 2.189511588662917257e-02
1.353679560399999993e+01 2.169424326381761206e-02
1.358657839600000017e+01 1.727504556192760790e-02
1.363636118800000041e+01 1.546719195661070377e-02
1.368614398000000065e+01 1.767679080755445858e-02
1.373592677199999912e+01 1.848028129880693524e-02
1.378570956399999936e+01 1.506544671098445157e-02
1.383549235599999960e+01 1.606980982504893629e-02
1.388527514799999985e+01 1.727504556192883955e-02
1.393505794000000009e+01 1.526631933379648913e-02
1.398484073200000033e+01 1.747591818474196479e-02
1.403462352400000057e+01 1.466370146535767548e-02
1.408440631599999904e+01 2.109162539537748349e-02
1.413418910800000106e+01 1.707417293911510370e-02
1.418397189999999952e+01 1.586893720223639045e-02
1.423375469199999976e+01 1.647155507067633515e-02
1.428353748400000001e+01 1.606980982504893629e-02
1.433332027600000025e+01 1.647155507067633515e-02
1.438310306800000049e+01 1.747591818474134376e-02
1.443288585999999896e+01 1.265497523722648732e-02
1.448266865200000098e+01 1.807853605318069865e-02
1.453245144399999944e+01 1.707417293911510370e-02
1.458223423599999968e+01 1.807853605318134049e-02
1.463201702799999993e+01 1.667242769348827036e-02
1.468179982000000017e+01 1.787766343036821526e-02
1.473158261200000041e+01 1.647155507067574881e-02
1.478136540399999888e+01 1.486457408817079551e-02
1.483114819600000089e+01 1.647155507067574881e-02
1.488093098799999936e+01 1.948464441287253018e-02
1.493071377999999960e+01 1.727504556192883955e-02
1.498049657199999984e+01 1.506544671098337604e-02
1.503027936400000009e+01 2.189511588663073730e-02
1.508006215600000033e+01 2.169424326381683837e-02
1.512984494799999879e+01 1.566806457942327216e-02
1.517962774000000081e+01 2.149337064100371661e-02
1.522941053199999928e+01 2.068988014975124343e-02
1.527919332399999952e+01 1.827940867599446920e-02
1.532897611599999976e+01 2.008726228131117036e-02
1.537875890800000001e+01 1.365933835129256972e-02
1.542854170000000025e+01 1.627068244786204765e-02
1.547832449200000049e+01 1.848028129880759443e-02
1.552810728399999896e+01 2.310035162350949564e-02
1.557789007599999920e+01 1.988638965849805901e-02
1.562767286799999944e+01 1.827940867599446920e-02
1.567745565999999968e+01 2.249773375506851011e-02
1.572723845199999992e+01 1.787766343036821526e-02
1.577702124400000017e+01 1.928377179005872147e-02
1.582680403600000041e+01 2.089075277256510765e-02
1.587658682799999887e+01 2.249773375507011647e-02
1.592636961999999912e+01 2.229686113225539876e-02
1.597615241199999936e+01 2.370296949194887134e-02
1.602593520399999960e+01 2.008726228131117036e-02
1.607571799600000162e+01 2.169424326381761206e-02
1.612550078800000009e+01 2.028813490412428172e-02
1.617528357999999855e+01 2.089075277256510765e-02
1.622506637200000057e+01 2.209598850944228740e-02
1.627484916400000259e+01 2.068988014975197895e-02
1.632463195599999750e+01 2.390384211476199658e-02
1.637441474799999952e+01 2.129249801818983850e-02
1.642419754000000154e+01 2.149337064100448683e-02
1.647398033200000000e+01 1.848028129880627604e-02
1.652376312399999847e+01 2.028813490412572848e-02
1.657354591600000049e+01 2.450645998319963062e-02
1.662332870800000251e+01 2.249773375507011647e-02
1.667311149999999742e+01 2.490820522882762969e-02
1.672289429199999944e+01 2.129249801818983850e-02
1.677267708400000146e+01 2.490820522882762969e-02
1.682245987599999992e+01 2.450645998319963062e-02
1.687224266799999839e+01 2.832303981665077255e-02
1.692202546000000041e+01 2.691693145695696690e-02
1.697180825200000243e+01 2.350209686913574264e-02
1.702159104399999734e+01 2.189511588663073730e-02
1.707137383599999936e+01 2.631431358851763283e-02
1.712115662800000138e+01 2.631431358851951327e-02
1.717093941999999984e+01 2.209598850944228740e-02
1.722072221199999831e+01 2.350209686913574264e-02
1.727050500400000033e+01 2.691693145695696690e-02
1.732028779600000234e+01 2.530995047445388016e-02
1.737007058799999726e+01 2.751954932539826468e-02
1.741985337999999928e+01 2.731867670258318961e-02
1.746963617200000130e+01 2.410471473757512181e-02
1.751941896399999976e+01 2.571169572007829529e-02
1.756920175599999823e+01 3.093438391322140754e-02
1.761898454800000025e+01 2.812216719383563851e-02
1.766876734000000226e+01 3.013089342196890313e-02
1.771855013199999718e+01 3.113525653603453625e-02
1.776833292399999920e+01 2.792129457102252715e-02
1.781811571600000121e+01 2.852391243946389779e-02
1.786789850799999968e+01 2.912653030790119876e-02
1.791768129999999815e+01 3.394747325541829647e-02
1.796746409200000016e+01 3.093438391321920444e-02
1.801724688400000218e+01 2.912653030790327696e-02
1.806702967599999710e+01 3.193874702728703718e-02
1.811681246799999911e+01 2.711780407977008173e-02
1.816659526000000113e+01 2.852391243946389779e-02
1.821637805199999960e+01 3.153700178165853851e-02
1.826616084399999806e+01 2.792129457102451862e-02
1.831594363600000008e+01 3.053263866759297826e-02
1.836572642800000210e+01 3.133612915884766148e-02
1.841550922000000057e+01 2.952827555352741801e-02
1.846529201199999903e+01 3.133612915884766148e-02
1.851507480400000105e+01 3.294311014135267029e-02
1.856485759599999952e+01 3.655881735198632937e-02
1.861464038799999798e+01 3.133612915884766148e-02
1.866442318000000000e+01 3.535358161510766123e-02
1.871420597200000202e+01 3.294311014135267029e-02
1.876398876400000049e+01 3.093438391321920444e-02
1.881377155599999895e+01 3.173787440447391195e-02
1.886355434800000097e+01 3.294311014135267029e-02
1.891333713999999944e+01 2.993002079915364419e-02
1.896311993199999790e+01 3.113525653603453625e-02
1.901290272399999992e+01 3.073351129040608962e-02
1.906268551600000194e+01 2.792129457102451862e-02
1.911246830800000041e+01 3.535358161510766123e-02
1.916225109999999887e+01 2.932740293071640220e-02
1.921203389200000089e+01 3.213961965010016936e-02
1.926181668399999936e+01 2.711780407977008173e-02
1.931159947599999782e+01 3.073351129040828231e-02
1.936138226799999984e+01 3.515270899229454987e-02
1.941116506000000186e+01 3.033176604478202837e-02
1.946094785200000032e+01 3.013089342196675208e-02
1.951073064399999879e+01 3.374660063260517123e-02
1.956051343600000081e+01 2.289947900069637041e-02
1.961029622799999927e+01 3.334485538697654072e-02
1.966007901999999774e+01 3.193874702728703718e-02
1.970986181199999976e+01 2.872478506227497258e-02
1.975964460400000178e+01 3.294311014135267029e-02
1.980942739600000024e+01 3.213961965009787258e-02
1.985921018799999871e+01 3.515270899229705481e-02
1.990899298000000073e+01 2.993002079915577790e-02
1.995877577199999919e+01 2.912653030790119876e-02
2.000855856399999766e+01 3.033176604478202837e-02
2.005834135599999968e+01 2.631431358851763283e-02
2.010812414800000170e+01 3.816579833449394721e-02
2.015790694000000016e+01 3.153700178165853851e-02
2.020768973199999863e+01 3.053263866759515707e-02
2.025747252400000065e+01 3.213961965010016936e-02
2.030725531599999911e+01 2.972914817634053283e-02
2.035703810799999758e+01 3.515270899229705481e-02
2.040682089999999960e+01 2.932740293071430665e-02
2.045660369200000162e+01 3.013089342196890313e-02
2.050638648400000008e+01 3.675968997479944073e-02
2.055616927599999855e+01 2.932740293071640220e-02
2.060595206800000057e+01 3.274223751853953812e-02
2.065573485999999903e+01 3.153700178165853851e-02
2.070551765199999750e+01 3.213961965010016936e-02
2.075530044399999952e+01 3.334485538697654072e-02
2.080508323600000153e+01 2.932740293071640220e-02
2.085486602800000000e+01 2.832303981664874640e-02
2.090464881999999847e+01 3.173787440447391195e-02
2.095443161200000048e+01 3.515270899229454987e-02
2.100421440400000250e+01 3.173787440447391195e-02
2.105399719599999742e+01 3.314398276416579553e-02
2.110377998799999943e+01 3.133612915884542716e-02
2.115356278000000145e+01 3.173787440447391195e-02
2.120334557199999992e+01 3.173787440447164987e-02
2.125312836399999838e+01 2.792129457102451862e-02
2.130291115600000040e+01 2.751954932539630097e-02
2.135269394800000242e+01 2.490820522882762969e-02
2.140247673999999733e+01 3.575532686073643052e-02
2.145225953199999935e+01 3.073351129040608962e-02
2.150204232400000137e+01 3.193874702728703718e-02
2.155182511599999984e+01 3.314398276416342937e-02
2.160160790799999830e+01 3.073351129040828231e-02
2.165139070000000032e+01 3.756318046605188615e-02
2.170117349200000234e+01 2.993002079915577790e-02
2.175095628399999725e+01 3.153700178166078671e-02
2.180073907599999927e+01 2.872478506227497258e-02
2.185052186800000129e+01 2.731867670258513944e-02
2.190030465999999976e+01 2.932740293071430665e-02
2.195008745199999822e+01 3.414834587823142864e-02
2.199987024400000024e+01 3.394747325541587479e-02
2.204965303600000226e+01 2.952827555352952396e-02
2.209943582799999717e+01 2.772042194821139338e-02
2.214921861999999919e+01 2.711780407977008173e-02
2.219900141200000121e+01 3.113525653603453625e-02
2.224878420399999968e+01 3.153700178165853851e-02
2.229856699599999814e+01 2.751954932539826468e-02
2.234834978800000016e+01 2.691693145695696690e-02
2.239813258000000218e+01 2.631431358851951327e-02
2.244791537199999709e+01 2.932740293071640220e-02
2.249769816399999911e+01 2.892565768508808394e-02
2.254748095600000113e+01 2.591256834289325933e-02
2.259726374799999959e+01 2.772042194820941233e-02
2.264704653999999806e+01 3.173787440447391195e-02
2.269682933200000008e+01 3.314398276416342937e-02
2.274661212400000210e+01 2.772042194821139338e-02
2.279639491599999701e+01 2.551082309726700886e-02
2.284617770799999903e+01 2.772042194820941233e-02
2.289596050000000105e+01 2.852391243946389779e-02
2.294574329199999951e+01 2.892565768508808394e-02
2.299552608399999798e+01 2.671605883414576027e-02
2.304530887600000000e+01 3.073351129040608962e-02
2.309509166800000202e+01 2.651518621133263504e-02
2.314487446000000048e+01 2.832303981664874640e-02
2.319465725199999895e+01 2.671605883414576027e-02
2.324444004400000097e+01 3.013089342196890313e-02
2.329422283599999943e+01 3.133612915884542716e-02
2.334400562799999790e+01 2.892565768509015173e-02
2.339378841999999992e+01 2.671605883414576027e-02
2.344357121199999838e+01 2.410471473757340444e-02
2.349335400399999685e+01 2.490820522882762969e-02
2.354313679599999887e+01 2.591256834289141012e-02
2.359291958800000089e+01 2.691693145695888550e-02
2.364270237999999935e+01 2.671605883414385554e-02
2.369248517199999782e+01 3.173787440447391195e-02
2.374226796399999984e+01 2.993002079915577790e-02
2.379205075599999830e+01 2.691693145695696690e-02
2.384183354799999677e+01 2.370296949194887134e-02
2.389161633999999879e+01 2.852391243946186122e-02
2.394139913200000080e+01 2.832303981665077255e-02
2.399118192399999927e+01 2.892565768508808394e-02
2.404096471599999774e+01 2.591256834289325933e-02
2.409074750799999975e+01 2.872478506227702302e-02
2.414053029999999822e+01 2.751954932539630097e-02
2.419031309199999669e+01 2.671605883414576027e-02
2.424009588399999870e+01 3.013089342196675208e-02
2.428987867600000072e+01 2.751954932539826468e-02
2.433966146799999919e+01 2.993002079915364419e-02
2.438944425999999766e+01 2.912653030790327696e-02
2.443922705199999967e+01 2.751954932539826468e-02
2.448900984399999814e+01 2.551082309726518393e-02
2.453879263599999661e+01 2.571169572008013410e-02
2.458857542799999862e+01 2.631431358851763283e-02
2.463835822000000064e+01 2.330122424632262088e-02
2.468814101199999911e+01 2.751954932539630097e-02
2.473792380399999757e+01 3.093438391322140754e-02
2.478770659599999959e+01 2.912653030790119876e-02
2.483748938800000161e+01 2.772042194821139338e-02
2.488727217999999652e+01 2.671605883414576027e-02
2.493705497199999854e+01 2.611344096570452147e-02
2.498683776400000056e+01 2.490820522882762969e-02
2.503662055599999903e+01 2.993002079915364419e-02
2.508640334799999749e+01 2.611344096570638457e-02
2.513618613999999951e+01 2.812216719383563851e-02
2.518596893200000153e+01 2.631431358851951327e-02
2.523575172399999644e+01 2.772042194821139338e-02
2.528553451599999846e+01 2.812216719383563851e-02
2.533531730800000048e+01 2.792129457102451862e-02
2.538510009999999895e+01 2.490820522882584986e-02
2.543488289199999741e+01 2.671605883414576027e-02
2.548466568399999943e+01 3.053263866759297826e-02
2.553444847600000145e+01 2.370296949194887134e-02
2.558423126799999636e+01 2.671605883414576027e-02
2.563401405999999838e+01 2.832303981664874640e-02
2.568379685200000040e+01 2.651518621133263504e-02
2.573357964399999886e+01 2.510907785163896122e-02
2.578336243599999733e+01 2.892565768509015173e-02
2.583314522799999935e+01 2.651518621133074419e-02
2.588292802000000137e+01 2.450645998320137575e-02
2.593271081199999628e+01 3.133612915884766148e-02
2.598249360399999830e+01 2.892565768508808394e-02
2.603227639600000032e+01 3.053263866759515707e-02
2.608205918799999878e+01 2.390384211476028961e-02
2.613184197999999725e+01 2.872478506227702302e-02
2.618162477199999927e+01 2.711780407977008173e-02
2.623140756400000129e+01 2.310035162350949564e-02
2.628119035599999620e+01 2.792129457102451862e-02
2.633097314799999822e+01 2.691693145695696690e-02
2.638075594000000024e+01 2.711780407977201421e-02
2.643053873199999870e+01 3.274223751853720665e-02
2.648032152399999717e+01 2.691693145695888550e-02
2.653010431599999919e+01 2.812216719383563851e-02
2.657988710800000121e+01 2.932740293071640220e-02
2.662966989999999612e+01 2.852391243946389779e-02
2.667945269199999814e+01 3.274223751853720665e-02
2.672923548400000016e+01 2.510907785164075492e-02
2.677901827599999862e+01 2.872478506227497258e-02
2.682880106799999709e+01 2.691693145695888550e-02
2.687858385999999911e+01 2.651518621133074419e-02
2.692836665200000112e+01 2.952827555352952396e-02
2.697814944399999604e+01 2.350209686913574264e-02
2.702793223599999806e+01 2.751954932539630097e-02
2.707771502800000007e+01 2.731867670258513944e-02
2.712749781999999854e+01 2.671605883414385554e-02
2.717728061199999701e+01 2.651518621133263504e-02
2.722706340399999903e+01 2.972914817634053283e-02
2.727684619600000104e+01 2.751954932539826468e-02
2.732662898799999951e+01 2.651518621133074419e-02
2.737641177999999798e+01 2.932740293071640220e-02
2.742619457199999999e+01 3.013089342196890313e-02
2.747597736399999846e+01 2.751954932539630097e-02
2.752576015599999693e+01 2.912653030790327696e-02
2.757554294799999894e+01 2.812216719383563851e-02
2.762532574000000096e+01 2.852391243946389779e-02
2.767510853199999943e+01 2.792129457102252715e-02
2.772489132399999789e+01 2.792129457102451862e-02
2.777467411599999991e+01 2.751954932539826468e-02
2.782445690799999838e+01 2.551082309726518393e-02
2.787423969999999684e+01 2.169424326381761206e-02
2.792402249199999886e+01 3.113525653603231233e-02
2.797380528400000088e+01 2.330122424632262088e-02
2.802358807599999935e+01 2.571169572007829529e-02
2.807337086799999781e+01 2.591256834289325933e-02
2.812315365999999983e+01 2.772042194821139338e-02
2.817293645199999830e+01 3.173787440447164987e-02
2.822271924399999676e+01 2.691693145695888550e-02
2.827250203599999878e+01 2.551082309726518393e-02
2.832228482800000080e+01 2.611344096570638457e-02
2.837206761999999927e+01 2.651518621133074419e-02
2.842185041199999773e+01 2.450645998320137575e-02
2.847163320399999975e+01 2.792129457102451862e-02
2.852141599599999822e+01 3.053263866759297826e-02
2.857119878799999668e+01 2.330122424632262088e-02
2.862098157999999870e+01 2.551082309726518393e-02
2.867076437200000072e+01 2.490820522882762969e-02
2.872054716399999919e+01 3.033176604477986690e-02
2.877032995599999765e+01 2.711780407977201421e-02
2.882011274799999967e+01 2.751954932539826468e-02
2.886989553999999814e+01 2.310035162350784418e-02
2.891967833199999660e+01 2.551082309726700886e-02
2.896946112399999862e+01 2.510907785163896122e-02
2.901924391600000064e+01 2.832303981665077255e-02
2.906902670799999910e+01 2.892565768508808394e-02
2.911880949999999757e+01 2.571169572008013410e-02
2.916859229199999959e+01 2.812216719383764385e-02
2.921837508399999805e+01 2.370296949194717825e-02
2.926815787599999652e+01 2.651518621133263504e-02
2.931794066799999854e+01 2.952827555352741801e-02
2.936772346000000056e+01 2.249773375507011647e-02
2.941750625199999902e+01 2.370296949194717825e-02
2.946728904399999749e+01 2.993002079915577790e-02
2.951707183599999951e+01 2.852391243946186122e-02
2.956685462800000153e+01 2.772042194821139338e-02
2.961663741999999644e+01 2.611344096570638457e-02
2.966642021199999846e+01 2.792129457102252715e-02
2.971620300400000048e+01 2.852391243946389779e-02
2.976598579599999894e+01 2.812216719383563851e-02
2.981576858799999741e+01 2.751954932539826468e-02
2.986555137999999943e+01 2.530995047445207605e-02
2.991533417200000144e+01 2.430558736038825052e-02
2.996511696399999636e+01 2.490820522882762969e-02
3.001489975599999838e+01 2.591256834289141012e-02
3.006468254800000039e+01 2.671605883414576027e-02
3.011446533999999886e+01 2.671605883414385554e-02
3.016424813199999733e+01 2.832303981665077255e-02
3.021403092399999935e+01 2.751954932539630097e-02
3.026381371600000136e+01 2.812216719383764385e-02
3.031359650799999628e+01 2.510907785164075492e-02
3.036337929999999830e+01 2.109162539537672715e-02
3.041316209200000031e+01 2.510907785164075492e-02
3.046294488399999878e+01 2.832303981664874640e-02
3.051272767599999725e+01 2.289947900069637041e-02
3.056251046799999926e+01 2.892565768508808394e-02
3.061229326000000128e+01 2.812216719383764385e-02
3.066207605199999620e+01 2.711780407977201421e-02
3.071185884399999821e+01 2.390384211476028961e-02
3.076164163600000023e+01 2.792129457102451862e-02
3.081142442799999870e+01 2.410471473757340444e-02
3.086120721999999716e+01 2.430558736038825052e-02
3.091099001199999918e+01 2.490820522882584986e-02
3.096077280400000120e+01 2.410471473757512181e-02
3.101055559599999611e+01 2.390384211476199658e-02
3.106033838799999813e+01 2.189511588662917257e-02
3.111012118000000015e+01 2.631431358851951327e-02
3.115990397199999862e+01 2.691693145695696690e-02
3.120968676399999708e+01 2.631431358851951327e-02
3.125946955599999910e+01 2.370296949194717825e-02
3.130925234800000112e+01 2.591256834289325933e-02
3.135903513999999603e+01 2.310035162350949564e-02
3.140881793199999805e+01 2.209598850944228740e-02
3.145860072400000007e+01 2.812216719383764385e-02
3.150838351599999854e+01 2.350209686913407037e-02
3.155816630799999700e+01 2.350209686913574264e-02
3.160794909999999902e+01 2.972914817634053283e-02
3.165773189200000104e+01 2.852391243946389779e-02
3.170751468399999951e+01 2.651518621133074419e-02
3.175729747599999797e+01 2.812216719383764385e-02
3.180708026799999999e+01 2.289947900069637041e-02
3.185686305999999846e+01 2.792129457102252715e-02
3.190664585199999692e+01 2.611344096570638457e-02
3.195642864399999894e+01 2.571169572007829529e-02
3.200621143600000096e+01 2.048900752693739308e-02
3.205599422800000298e+01 2.711780407977008173e-02
3.210577702000000500e+01 2.530995047445568774e-02
3.215555981199999991e+01 2.671605883414385554e-02
3.220534260400000193e+01 2.631431358851763283e-02
3.225512539599999684e+01 2.470733260601626693e-02
3.230490818799999886e+01 2.510907785163896122e-02
3.235469098000000088e+01 2.772042194820941233e-02
3.240447377200000290e+01 2.611344096570452147e-02
3.245425656400000491e+01 2.751954932540023185e-02
3.250403935599999983e+01 2.691693145695696690e-02
3.255382214800000185e+01 2.571169572007829529e-02
3.260360493999999676e+01 2.631431358852138677e-02
3.265338773199999878e+01 3.133612915884542716e-02
3.270317052400000080e+01 2.932740293071430665e-02
3.275295331600000281e+01 2.651518621133074419e-02
3.280273610800000483e+01 2.551082309726882685e-02
3.285251889999999975e+01 2.370296949194717825e-02
3.290230169200000176e+01 2.631431358851763283e-02
3.295208448399999668e+01 2.691693145696081105e-02
3.300186727599999870e+01 2.410471473757340444e-02
3.305165006800000072e+01 2.772042194820941233e-02
3.310143286000000273e+01 2.611344096570452147e-02
3.315121565200000475e+01 2.551082309726882685e-02
3.320099844399999967e+01 2.812216719383563851e-02
3.325078123600000168e+01 2.510907785163896122e-02
3.330056402799999660e+01 3.033176604478419330e-02
3.335034681999999862e+01 2.591256834289141012e-02
3.340012961200000063e+01 2.952827555352741801e-02
3.344991240400000265e+01 2.490820522882584986e-02
3.349969519600000467e+01 2.691693145696081105e-02
3.354947798799999958e+01 2.691693145695696690e-02
3.359926078000000160e+01 2.450645998319963062e-02
3.364904357199999652e+01 2.631431358852138677e-02
3.369882636399999853e+01 2.370296949194717825e-02
3.374860915600000055e+01 2.812216719383563851e-02
3.379839194800000257e+01 2.852391243946186122e-02
3.384817474000000459e+01 2.772042194821337097e-02
3.389795753199999950e+01 2.330122424632095901e-02
3.394774032400000152e+01 2.310035162350784418e-02
3.399752311599999643e+01 2.671605883414767194e-02
3.404730590799999845e+01 3.053263866759297826e-02
3.409708870000000047e+01 2.470733260601273851e-02
3.414687149200000249e+01 2.249773375506851011e-02
3.419665428400000451e+01 2.530995047445568774e-02
3.424643707599999942e+01 2.711780407977008173e-02
3.429621986800000144e+01 2.631431358851763283e-02
3.434600265999999635e+01 2.430558736038998524e-02
3.439578545199999837e+01 2.611344096570452147e-02
3.444556824400000039e+01 2.691693145695696690e-02
3.449535103600000241e+01 2.912653030790119876e-02
3.454513382800000443e+01 2.269860637788486193e-02
3.459491661999999934e+01 2.852391243946186122e-02
3.464469941200000136e+01 2.370296949194717825e-02
3.469448220399999627e+01 2.330122424632428274e-02
3.474426499599999829e+01 2.249773375506851011e-02
3.479404778800000031e+01 2.812216719383563851e-02
3.484383058000000233e+01 2.370296949194717825e-02
3.489361337200000435e+01 2.450645998320312782e-02
3.494339616399999926e+01 2.691693145695696690e-02
3.499317895600000128e+01 2.751954932539630097e-02
3.504296174799999619e+01 2.289947900069800105e-02
3.509274453999999821e+01 2.530995047445207605e-02
3.514252733200000023e+01 2.229686113225539876e-02
3.519231012400000225e+01 2.631431358851763283e-02
3.524209291600000427e+01 2.269860637788486193e-02
3.529187570799999918e+01 2.832303981664874640e-02
3.534165850000000120e+01 2.671605883414385554e-02
3.539144129199999611e+01 2.571169572008196597e-02
3.544122408399999813e+01 2.872478506227497258e-02
3.549100687600000015e+01 2.832303981664874640e-02
3.554078966800000217e+01 3.093438391321920444e-02
3.559057246000000418e+01 2.490820522882940605e-02
3.564035525199999910e+01 2.189511588662917257e-02
3.569013804400000112e+01 2.571169572007829529e-02
3.573992083599999603e+01 2.912653030790535516e-02
3.578970362799999805e+01 2.671605883414385554e-02
3.583948642000000007e+01 2.912653030790119876e-02
3.588926921200000209e+01 2.892565768508808394e-02
3.593905200400000410e+01 2.390384211476370355e-02
3.598883479599999902e+01 2.490820522882584986e-02
3.603861758800000104e+01 2.591256834289141012e-02
3.608840037999999595e+01 2.832303981665279177e-02
3.613818317199999797e+01 2.872478506227497258e-02
3.618796596399999999e+01 2.792129457102252715e-02
3.623774875600000200e+01 2.671605883414385554e-02
3.628753154800000402e+01 2.852391243946593088e-02
3.633731433999999894e+01 2.310035162350784418e-02
3.638709713200000095e+01 3.013089342196675208e-02
3.643687992400000297e+01 2.912653030790119876e-02
3.648666271599999789e+01 2.932740293071849427e-02
3.653644550799999990e+01 3.033176604477986690e-02
3.658622830000000192e+01 3.254136489572409530e-02
3.663601109200000394e+01 2.751954932540023185e-02
3.668579388399999885e+01 3.334485538697654072e-02
3.673557667600000087e+01 3.073351129040608962e-02
3.678535946800000289e+01 2.832303981664874640e-02
3.683514225999999780e+01 2.751954932540023185e-02
3.688492505199999982e+01 2.611344096570452147e-02
3.693470784400000184e+01 2.209598850944228740e-02
3.698449063600000386e+01 2.832303981665279177e-02
3.703427342799999877e+01 2.731867670258318961e-02
3.708405622000000079e+01 3.053263866759297826e-02
3.713383901200000281e+01 2.912653030790119876e-02
3.718362180399999772e+01 3.033176604478419330e-02
3.723340459599999974e+01 2.510907785163896122e-02
3.728318738800000176e+01 2.932740293071430665e-02
3.733297018000000378e+01 3.113525653603676016e-02
3.738275297199999869e+01 3.133612915884542716e-02
3.743253576400000071e+01 2.631431358851763283e-02
3.748231855600000273e+01 2.571169572007829529e-02
3.753210134799999764e+01 2.591256834289510508e-02
3.758188413999999966e+01 3.314398276416342937e-02
3.763166693200000168e+01 3.294311014135031801e-02
3.768144972400000370e+01 3.213961965010245919e-02
3.773123251599999861e+01 3.073351129040608962e-02
3.778101530800000063e+01 2.832303981664874640e-02
3.783079810000000265e+01 2.751954932539630097e-02
3.788058089199999756e+01 2.691693145696081105e-02
3.793036368399999958e+01 2.812216719383563851e-02
3.798014647600000160e+01 2.792129457102252715e-02
3.802992926800000362e+01 2.671605883414767194e-02
3.807971205999999853e+01 2.812216719383563851e-02
3.812949485200000055e+01 2.731867670258318961e-02
3.817927764400000257e+01 3.033176604477986690e-02
3.822906043599999748e+01 2.551082309726882685e-02
3.827884322799999950e+01 2.972914817634053283e-02
3.832862602000000152e+01 3.334485538697654072e-02
3.837840881200000354e+01 3.093438391322361758e-02
3.842819160399999845e+01 3.113525653603231233e-02
3.847797439600000047e+01 3.213961965009787258e-02
3.852775718800000249e+01 2.772042194820941233e-02
3.857753997999999740e+01 3.033176604478419330e-02
3.862732277199999942e+01 3.434921850104209751e-02
3.867710556400000144e+01 2.852391243946186122e-02
3.872688835600000345e+01 3.133612915884989580e-02
3.877667114799999837e+01 2.792129457102252715e-02
3.882645394000000039e+01 2.932740293071430665e-02
3.887623673200000241e+01 3.073351129040608962e-02
3.892601952399999732e+01 2.952827555353163339e-02
3.897580231599999934e+01 3.053263866759297826e-02
3.902558510800000136e+01 3.133612915884542716e-02
3.907536790000000337e+01 3.013089342197105419e-02
3.912515069199999829e+01 2.711780407977008173e-02
3.917493348400000031e+01 2.993002079915364419e-02
3.922471627600000232e+01 2.993002079915364419e-02
3.927449906799999724e+01 2.812216719383964919e-02
3.932428185999999926e+01 2.892565768508808394e-02
3.937406465200000127e+01 2.952827555352741801e-02
3.942384744400000329e+01 2.912653030790119876e-02
3.947363023600000531e+01 2.932740293071849427e-02
3.952341302800000022e+01 2.912653030790119876e-02
3.957319582000000224e+01 2.812216719383563851e-02
3.962297861200000426e+01 2.832303981664874640e-02
3.967276140399999917e+01 3.274223751854187653e-02
3.972254419600000119e+01 2.651518621133074419e-02
3.977232698800000321e+01 2.551082309726518393e-02
3.982210978000000523e+01 3.033176604478419330e-02
3.987189257200000014e+01 3.615707210636010666e-02
3.992167536400000216e+01 3.113525653603231233e-02
3.997145815600000418e+01 2.370296949194717825e-02
4.002124094799999909e+01 2.993002079915791508e-02
4.007102374000000111e+01 2.530995047445207605e-02
4.012080653200000313e+01 2.952827555352741801e-02
4.017058932400000515e+01 2.691693145696081105e-02
4.022037211600000006e+01 2.772042194820941233e-02
4.027015490800000208e+01 2.832303981664874640e-02
4.031993770000000410e+01 2.932740293071430665e-02
4.036972049199999901e+01 2.450645998320312782e-02
4.041950328400000103e+01 2.591256834289141012e-02
4.046928607600000305e+01 2.691693145695696690e-02
4.051906886800000507e+01 2.551082309726882685e-02
4.056885165999999998e+01 2.691693145695696690e-02
4.061863445200000200e+01 2.631431358851763283e-02
4.066841724400000402e+01 2.772042194820941233e-02
4.071820003599999893e+01 2.812216719383964919e-02
4.076798282800000095e+01 2.510907785163896122e-02
4.081776562000000297e+01 2.611344096570452147e-02
4.086754841200000499e+01 2.571169572008196597e-02
4.091733120399999990e+01 2.912653030790119876e-02
4.096711399600000192e+01 2.229686113225539876e-02
4.101689678800000394e+01 2.410471473757340444e-02
4.106667957999999885e+01 2.651518621133452935e-02
4.111646237200000087e+01 2.792129457102252715e-02
4.116624516400000289e+01 2.370296949194717825e-02
4.121602795600000491e+01 2.450645998320312782e-02
4.126581074799999982e+01 2.510907785163896122e-02
4.131559354000000184e+01 2.229686113225539876e-02
4.136537633200000386e+01 2.490820522882584986e-02
4.141515912399999877e+01 2.450645998320312782e-02
4.146494191600000079e+01 2.189511588662917257e-02
4.151472470800000281e+01 2.269860637788161800e-02
4.156450750000000482e+01 2.430558736038998524e-02
4.161429029199999974e+01 2.350209686913407037e-02
4.166407308400000176e+01 2.751954932539630097e-02
4.171385587600000378e+01 2.330122424632095901e-02
4.176363866799999869e+01 2.269860637788486193e-02
4.181342146000000071e+01 2.390384211476028961e-02
4.186320425200000273e+01 2.410471473757340444e-02
4.191298704400000474e+01 2.109162539537973863e-02
4.196276983599999966e+01 2.109162539537672715e-02
4.201255262800000168e+01 2.390384211476028961e-02
4.206233542000000369e+01 2.691693145695696690e-02
4.211211821199999861e+01 2.209598850944544113e-02
4.216190100400000063e+01 2.490820522882584986e-02
4.221168379600000264e+01 2.068988014975050790e-02
4.226146658800000466e+01 2.149337064100295333e-02
4.231124938000000668e+01 1.908289916724833710e-02
4.236103217200000159e+01 2.169424326381606469e-02
4.241081496400000361e+01 2.229686113225539876e-02
4.246059775599999853e+01 1.908289916724833710e-02
4.251038054800000054e+01 2.289947900069473283e-02
4.256016334000000256e+01 2.149337064100295333e-02
4.260994613200000458e+01 2.149337064100295333e-02
4.265972892400000660e+01 2.149337064100601685e-02
4.270951171600000151e+01 2.249773375506851011e-02
4.275929450800000353e+01 1.888202654443249875e-02
4.280907729999999844e+01 2.008726228131403960e-02
4.285886009200000046e+01 2.129249801818983850e-02
4.290864288400000248e+01 1.928377179005872147e-02
4.295842567600000450e+01 2.269860637788161800e-02
4.300820846800000652e+01 2.189511588663230202e-02
4.305799126000000143e+01 2.530995047445207605e-02
4.310777405200000345e+01 2.671605883414385554e-02
4.315755684399999836e+01 1.687330031630379298e-02
4.320733963600000038e+01 2.149337064100295333e-02
4.325712242800000240e+01 2.048900752693739308e-02
4.330690522000000442e+01 2.129249801818983850e-02
4.335668801200000644e+01 2.310035162351114363e-02
4.340647080400000135e+01 2.209598850944228740e-02
4.345625359600000337e+01 2.068988014975050790e-02
4.350603638799999828e+01 1.827940867599577371e-02
4.355581918000000030e+01 2.008726228131117036e-02
4.360560197200000232e+01 1.868115392161938740e-02
4.365538476400000434e+01 2.008726228131117036e-02
4.370516755600000636e+01 2.008726228131403960e-02
4.375495034800000127e+01 2.008726228131117036e-02
4.380473314000000329e+01 1.948464441287183629e-02
4.385451593199999820e+01 2.149337064100601685e-02
4.390429872400000022e+01 2.470733260601273851e-02
4.395408151600000224e+01 2.310035162350784418e-02
4.400386430800000426e+01 2.209598850944228740e-02
4.405364710000000628e+01 2.048900752694031782e-02
4.410342989200000119e+01 1.888202654443249875e-02
4.415321268400000321e+01 1.827940867599316468e-02
4.420299547599999812e+01 1.968551703568775443e-02
4.425277826800000014e+01 1.988638965849805901e-02
4.430256106000000216e+01 1.827940867599316468e-02
4.435234385200000418e+01 1.787766343036694197e-02
4.440212664400000619e+01 2.028813490412717871e-02
4.445190943600000111e+01 2.089075277256361579e-02
4.450169222800000313e+01 1.948464441287183629e-02
4.455147501999999804e+01 1.526631933379866794e-02
4.460125781200000006e+01 1.787766343036694197e-02
4.465104060400000208e+01 1.747591818474071579e-02
4.470082339600000410e+01 1.707417293911449307e-02
4.475060618800000611e+01 1.747591818474321032e-02
4.480038898000000103e+01 1.827940867599316468e-02
4.485017177200000305e+01 1.687330031630138519e-02
4.489995456399999796e+01 1.787766343036949201e-02
4.494973735599999998e+01 1.506544671098337604e-02
4.499952014800000200e+01 1.627068244786204765e-02
4.504930294000000401e+01 1.968551703568494418e-02
4.509908573200000603e+01 1.667242769349065040e-02
4.514886852400000095e+01 1.486457408817026642e-02
4.519865131600000296e+01 1.466370146535715333e-02
4.524843410799999788e+01 1.406108359691982460e-02
4.529821689999999990e+01 1.365933835129159481e-02
4.534799969200000191e+01 1.667242769348827036e-02
4.539778248400000393e+01 1.406108359691781926e-02
4.544756527600000595e+01 1.767679080755635290e-02
4.549734806800000086e+01 1.667242769348827036e-02
4.554713086000000288e+01 1.325759310566537209e-02
4.559691365199999780e+01 1.406108359691982460e-02
4.564669644399999981e+01 1.566806457942271358e-02
4.569647923600000183e+01 1.406108359691781926e-02
4.574626202800000385e+01 1.225322999159981531e-02
4.579604482000000587e+01 1.426195621973296544e-02
4.584582761200000078e+01 1.446282884254404197e-02
4.589561040400000280e+01 1.787766343036694197e-02
4.594539319599999772e+01 1.526631933379866794e-02
4.599517598799999973e+01 1.446282884254404197e-02
4.604495878000000175e+01 1.365933835129159481e-02
4.609474157200000377e+01 1.124886687753425506e-02
4.614452436400000579e+01 1.446282884254610802e-02
4.619430715600000070e+01 1.506544671098337604e-02
4.624408994800000272e+01 1.868115392161938740e-02
4.629387273999999763e+01 1.265497523722784387e-02
4.634365553199999965e+01 1.566806457942271358e-02
4.639343832400000167e+01 1.546719195660960222e-02
4.644322111600000369e+01 1.325759310566537209e-02
4.649300390800000571e+01 1.627068244786436871e-02
4.654278670000000062e+01 1.325759310566537209e-02
4.659256949200000264e+01 1.727504556192760790e-02
4.664235228399999755e+01 1.486457408817238798e-02
4.669213507599999957e+01 1.546719195660960222e-02
4.674191786800000159e+01 1.225322999159981531e-02
4.679170066000000361e+01 1.606980982504893629e-02
4.684148345200000563e+01 1.406108359691982460e-02
4.689126624400000054e+01 1.667242769348827036e-02
4.694104903600000256e+01 1.466370146535715333e-02
4.699083182800000458e+01 1.386021097410470616e-02
4.704061461999999949e+01 1.506544671098552710e-02
4.709039741200000151e+01 1.506544671098337604e-02
4.714018020400000353e+01 1.345846572847848345e-02
4.718996299600000555e+01 1.265497523722784387e-02
4.723974578800000046e+01 1.506544671098337604e-02
4.728952858000000248e+01 1.406108359691781926e-02
4.733931137200000450e+01 1.365933835129159481e-02
4.738909416399999941e+01 1.687330031630379298e-02
4.743887695600000143e+01 1.285584786003914765e-02
4.748865974800000345e+01 1.144973950034736641e-02
4.753844254000000547e+01 1.265497523722784387e-02
4.758822533200000038e+01 1.506544671098337604e-02
4.763800812400000240e+01 1.265497523722603802e-02
4.768779091600000442e+01 1.305672048285226074e-02
4.773757370799999933e+01 1.687330031630379298e-02
4.778735650000000135e+01 1.365933835129159481e-02
4.783713929200000337e+01 1.345846572847848345e-02
4.788692208400000538e+01 1.144973950034900052e-02
4.793670487600000030e+01 1.144973950034736641e-02
4.798648766800000232e+01 1.165061212316047951e-02
4.803627046000000433e+01 1.265497523722603802e-02
4.808605325199999925e+01 1.064624900909643887e-02
4.813583604400000127e+01 7.633159666898244565e-03
4.818561883600000328e+01 1.004363114065558518e-02
4.823540162800000530e+01 9.641885895030738104e-03
4.828518442000000022e+01 1.124886687753425506e-02
4.833496721200000223e+01 1.084712163190803234e-02
4.838475000400000425e+01 1.104799425472114370e-02
4.843453279599999917e+01 1.004363114065701980e-02
4.848431558800000118e+01 1.024450376346869654e-02
4.853409838000000320e+01 1.225322999159981531e-02
4.858388117200000522e+01 1.064624900909643887e-02
4.863366396400000014e+01 8.436650158150692594e-03
4.868344675600000215e+01 7.834032289711356789e-03
4.873322954800000417e+01 8.436650158150692594e-03
4.878301233999999909e+01 7.834032289712473951e-03
4.883279513200000110e+01 1.064624900909491925e-02
4.888257792400000312e+01 9.641885895029360734e-03
4.893236071600000514e+01 1.165061212316214137e-02
4.898214350800000005e+01 1.044537638628180790e-02
4.903192630000000207e+01 8.235777535337579502e-03
4.908170909200000409e+01 8.235777535337579502e-03
4.913149188399999900e+01 7.231414421273054012e-03
4.918127467600000102e+01 8.235777535337579502e-03
4.923105746800000304e+01 8.637522780963803951e-03
4.928084026000000506e+01 8.838395403778176451e-03
4.933062305199999997e+01 1.104799425472114370e-02
4.938040584400000199e+01 1.044537638628180790e-02
4.943018863600000401e+01 1.044537638628180790e-02
4.947997142799999892e+01 1.144973950034900052e-02
4.952975422000000094e+01 9.240140649403138021e-03
4.957953701200000296e+01 1.084712163190803234e-02
4.962931980400000498e+01 1.004363114065701980e-02
4.967910259599999989e+01 9.039268026590026664e-03
4.972888538800000191e+01 1.104799425472114370e-02
4.977866818000000393e+01 9.641885895029360734e-03
4.982845097199999884e+01 9.240140649404456410e-03
4.987823376400000086e+01 7.432287044085133208e-03
4.992801655600000288e+01 7.432287044085133208e-03
4.997779934800000490e+01 8.838395403778176451e-03
5.002758213999999981e+01 1.044537638628180790e-02
5.007736493200000183e+01 8.838395403776915307e-03
5.012714772400000385e+01 8.034904912524468146e-03
5.017693051599999876e+01 1.165061212316214137e-02
5.022671330800000078e+01 8.838395403776915307e-03
5.027649610000000280e+01 7.432287044085133208e-03
5.032627889200000482e+01 9.441013272217597257e-03
5.037606168399999973e+01 8.436650158150692594e-03
5.042584447600000175e+01 8.838395403776915307e-03
5.047562726800000377e+01 1.064624900909491925e-02
5.052541005999999868e+01 1.285584786004098298e-02
5.057519285200000070e+01 1.225322999159981531e-02
5.062497564400000272e+01 1.084712163190803234e-02
5.067475843600000474e+01 9.441013272217597257e-03
5.072454122799999965e+01 1.165061212316047951e-02
5.077432402000000167e+01 1.024450376346869654e-02
5.082410681200000369e+01 1.205235736878670222e-02
5.087388960399999860e+01 1.144973950034900052e-02
5.092367239600000062e+01 1.265497523722603802e-02
5.097345518800000264e+01 1.265497523722603802e-02
5.102323798000000465e+01 1.064624900909643887e-02
5.107302077199999957e+01 8.838395403776915307e-03
5.112280356400000159e+01 1.084712163190803234e-02
5.117258635600000360e+01 1.004363114065558518e-02
5.122236914799999852e+01 1.064624900909643887e-02
5.127215194000000054e+01 7.834032289711356789e-03
5.132193473200000255e+01 9.641885895029360734e-03
5.137171752400000457e+01 1.225322999159981531e-02
5.142150031600000659e+01 6.026178684394211532e-03
5.147128310800000150e+01 9.441013272216249377e-03
5.152106590000000352e+01 6.628796552832686047e-03
5.157084869199999844e+01 7.432287044086193992e-03
5.162063148400000046e+01 6.628796552832686047e-03
5.167041427600000247e+01 7.231414421272020984e-03
5.172019706800000449e+01 8.235777535337579502e-03
5.176997986000000651e+01 7.030541798459912298e-03
5.181976265200000142e+01 6.026178684393351109e-03
5.186954544400000344e+01 6.628796552832686047e-03
5.191932823599999836e+01 5.624433438767930706e-03
5.196911102800000037e+01 4.820942947514680367e-03
5.201889382000000239e+01 7.834032289711356789e-03
5.206867661200000441e+01 5.825306061580239753e-03
5.211845940400000643e+01 7.231414421273054012e-03
5.216824219600000134e+01 6.227051307206462466e-03
5.221802498800000336e+01 6.628796552832686047e-03
5.226780777999999827e+01 7.834032289712473951e-03
5.231759057200000029e+01 4.620070324701569010e-03
5.236737336400000231e+01 6.829669175645797403e-03
5.241715615600000433e+01 3.816579833449122282e-03
5.246693894800000635e+01 5.021815570328509899e-03
5.251672174000000126e+01 5.222688193140903948e-03
5.256650453200000328e+01 5.825306061580239753e-03
5.261628732399999819e+01 3.816579833449666986e-03
5.266607011600000021e+01 3.213961965009786911e-03
5.271585290800000223e+01 2.410471473757340184e-03
5.276563570000000425e+01 3.615707210636010492e-03
5.281541849200000627e+01 2.812216719383965353e-03
5.286520128400000118e+01 2.008726228131117036e-03
5.291498407600000320e+01 2.209598850944228827e-03
5.296476686799999811e+01 1.807853605318263503e-03
5.301454966000000013e+01 1.406108359691781882e-03
5.306433245200000215e+01 2.008726228131117036e-03
5.311411524400000417e+01 1.205235736878670092e-03
5.316389803600000619e+01 1.205235736878842263e-03
5.321368082800000110e+01 1.606980982504893456e-03
5.326346362000000312e+01 1.205235736878670092e-03
5.331324641199999803e+01 7.432287044086193992e-03
5.336302920400000005e+01 8.034904912524467278e-04
5.341281199600000207e+01 4.017452456262233639e-04
5.346259478800000409e+01 1.205235736878670092e-03
5.351237758000000611e+01 1.205235736878842263e-03
5.356216037200000102e+01 1.586893720223582493e-02
5.361194316400000304e+01 6.026178684393350459e-04
5.366172595599999795e+01 4.017452456262807182e-04
5.371150874799999997e+01 6.026178684393350459e-04
5.376129154000000199e+01 0.000000000000000000e+00
5.381107433200000401e+01 3.013089342196675555e-03
5.386085712400000602e+01 1.586893720223809048e-02
5.391063991600000094e+01 0.000000000000000000e+00
5.396042270800000296e+01 6.026178684393350459e-04
5.401020549999999787e+01 6.026178684394211315e-04
5.405998829199999989e+01 6.829669175645797403e-03
5.410977108400000191e+01 3.615707210636010492e-03
5.415955387600000392e+01 1.687330031630138519e-02
5.420933666800000594e+01 1.205235736878842306e-02
5.425911946000000086e+01 0.000000000000000000e+00
5.430890225200000287e+01 5.825306061580239753e-03
5.435868504399999779e+01 0.000000000000000000e+00
5.440846783599999981e+01 1.606980982504893456e-03
5.445825062800000183e+01 1.165061212316047951e-02
5.450803342000000384e+01 0.000000000000000000e+00
5.455781621200000586e+01 1.406108359691982676e-03
5.460759900400000078e+01 8.235777535337579502e-03
5.465738179600000279e+01 0.000000000000000000e+00
5.470716458799999771e+01 1.486457408817238798e-02
5.475694737999999973e+01 1.707417293911449307e-02
5.480673017200000174e+01 7.030541798458909628e-03
5.485651296400000376e+01 0.000000000000000000e+00
5.490629575600000578e+01 0.000000000000000000e+00
5.495607854800000069e+01 2.008726228131117036e-03
5.500586134000000271e+01 3.374660063260277038e-02
5.505564413199999763e+01 0.000000000000000000e+00
5.510542692399999964e+01 0.000000000000000000e+00
5.515520971600000166e+01 0.000000000000000000e+00
5.520499250800000368e+01 1.446282884254404197e-02
5.525477530000000570e+01 5.825306061581070685e-03
5.530455809200000061e+01 3.515270899229454987e-02
5.535434088400000263e+01 0.000000000000000000e+00
5.540412367599999754e+01 2.410471473757684613e-02
5.545390646799999956e+01 8.034904912524467278e-04
5.550368926000000158e+01 1.084712163190803234e-02
5.555347205200000360e+01 0.000000000000000000e+00
5.560325484400000562e+01 6.628796552833632338e-03
5.565303763600000053e+01 0.000000000000000000e+00
5.570282042800000255e+01 0.000000000000000000e+00
5.575260321999999746e+01 1.928377179006147621e-02
5.580238601199999948e+01 0.000000000000000000e+00
5.585216880400000150e+01 0.000000000000000000e+00
5.590195159600000352e+01 1.807853605318005333e-02
5.595173438800000554e+01 1.526631933379866794e-02
5.600151718000000045e+01 0.000000000000000000e+00
5.605129997200000247e+01 0.000000000000000000e+00
5.610108276400000449e+01 1.004363114065558518e-03
5.615086555599999940e+01 6.227051307207351512e-03
5.620064834800000142e+01 1.064624900909491925e-02
5.625043114000000344e+01 0.000000000000000000e+00
5.630021393200000546e+01 0.000000000000000000e+00
5.634999672400000037e+01 0.000000000000000000e+00
5.639977951600000239e+01 7.231414421272020984e-03
5.644956230800000441e+01 2.048900752693739308e-02
5.649934509999999932e+01 0.000000000000000000e+00
5.654912789200000134e+01 1.406108359691781882e-03
5.659891068400000336e+01 1.064624900909491925e-02
5.664869347600000538e+01 5.825306061581070685e-03
5.669847626800000029e+01 0.000000000000000000e+00
5.674825906000000231e+01 0.000000000000000000e+00
5.679804185200000433e+01 0.000000000000000000e+00
5.684782464399999924e+01 0.000000000000000000e+00
5.689760743600000126e+01 2.008726228131117036e-03
5.694739022800000328e+01 7.633159666898244565e-03
5.699717302000000529e+01 0.000000000000000000e+00
5.704695581200000021e+01 0.000000000000000000e+00
5.709673860400000223e+01 9.240140649403138021e-03
